# fname = f004652.csv
#  num_bckg events = 26
#  num_sig events = 2
# 0: class: 0, dur: 346 start: 1, stop = 346
# 1: class: 0, dur: 142 start: 347, stop = 488
# 2: class: 0, dur: 405 start: 489, stop = 893
# 3: class: 0, dur: 193 start: 894, stop = 1086
# 4: class: 0, dur: 208 start: 1087, stop = 1294
# 5: class: 0, dur: 139 start: 1295, stop = 1433
# 6: class: 0, dur: 281 start: 1434, stop = 1714
# 7: class: 0, dur: 478 start: 1715, stop = 2192
# 8: class: 0, dur: 277 start: 2193, stop = 2469
# 9: class: 0, dur: 160 start: 2470, stop = 2629
# 10: class: 0, dur: 262 start: 2630, stop = 2891
# 11: class: 0, dur: 416 start: 2892, stop = 3307
# 12: class: 0, dur: 63 start: 3308, stop = 3370
# 13: class: 3, dur: 204 start: 3371, stop = 3574
# 14: class: 2, dur: 10 start: 3575, stop = 3584
# 15: class: 0, dur: 218 start: 3585, stop = 3802
# 16: class: 0, dur: 392 start: 3803, stop = 4194
# 17: class: 0, dur: 27 start: 4195, stop = 4221
# 18: class: 0, dur: 95 start: 4222, stop = 4316
# 19: class: 0, dur: 93 start: 4317, stop = 4409
# 20: class: 0, dur: 281 start: 4410, stop = 4690
# 21: class: 0, dur: 113 start: 4691, stop = 4803
# 22: class: 0, dur: 99 start: 4804, stop = 4902
# 23: class: 0, dur: 404 start: 4903, stop = 5306
# 24: class: 0, dur: 353 start: 5307, stop = 5659
# 25: class: 0, dur: 219 start: 5660, stop = 5878
# 26: class: 0, dur: 446 start: 5879, stop = 6324
# 27: class: 0, dur: 66 start: 6325, stop = 6390
#------------
1,-1.621464
2,0.813590
3,1.355010
4,0.003000
5,-1.196080
6,0.553524
7,0.581089
8,-1.032593
9,-2.397989
10,-0.431779
11,-1.886143
12,-0.642976
13,-1.145820
14,1.367676
15,0.028455
16,1.290348
17,1.754950
18,-1.575612
19,-1.237752
20,-0.690756
21,-1.313792
22,-2.214823
23,0.023526
24,-1.532982
25,1.307445
26,1.149469
27,-0.034629
28,-0.441003
29,0.019532
30,-0.967156
31,0.699605
32,0.954707
33,0.464456
34,1.501321
35,0.645415
36,0.798209
37,-1.013263
38,-0.155411
39,-0.603810
40,-1.922940
41,-0.921952
42,-0.563259
43,-0.711597
44,0.169166
45,-0.019019
46,-0.536635
47,0.050817
48,0.896793
49,-0.519416
50,-1.519620
51,0.861755
52,0.951115
53,-1.088385
54,0.164895
55,-0.959524
56,1.001206
57,0.796358
58,1.884516
59,-0.700601
60,1.057803
61,0.889701
62,1.716963
63,1.074088
64,1.008854
65,1.195719
66,0.185845
67,-0.769174
68,-0.974233
69,2.118226
70,0.503972
71,-1.394940
72,-0.009623
73,0.915026
74,0.314196
75,-2.212907
76,-0.920569
77,-1.766659
78,-1.735900
79,0.177185
80,-0.514627
81,-1.084970
82,0.478718
83,1.757043
84,0.352198
85,0.457085
86,-1.072818
87,0.432098
88,1.972294
89,2.352183
90,-0.659673
91,1.964212
92,1.130865
93,1.485865
94,2.198501
95,1.298589
96,1.389862
97,0.728416
98,0.836943
99,-0.282133
100,0.603174
101,-0.446817
102,-1.915284
103,-1.222918
104,-0.435039
105,-1.049626
106,1.008703
107,0.947714
108,0.766352
109,0.925086
110,-0.181990
111,0.912983
112,3.190609
113,-0.470596
114,1.749160
115,1.435967
116,1.462173
117,0.661484
118,1.034791
119,3.046479
120,0.503800
121,1.815704
122,1.538697
123,1.132751
124,0.373391
125,0.770829
126,0.542145
127,-0.879494
128,0.925510
129,-1.423927
130,0.857319
131,-0.438291
132,-0.347805
133,0.262877
134,-0.104237
135,0.016287
136,0.180978
137,-0.305394
138,-1.848964
139,-1.081956
140,0.012769
141,-0.738641
142,-0.347417
143,-1.125204
144,-0.119021
145,0.703728
146,0.251372
147,-0.454417
148,0.445082
149,-0.963108
150,-1.437976
151,0.379552
152,0.255051
153,0.013203
154,-1.334424
155,-0.963906
156,-0.933624
157,-1.159976
158,-1.406423
159,0.099121
160,0.336107
161,1.950412
162,0.232394
163,0.312134
164,1.837513
165,1.462675
166,-0.179763
167,-0.316660
168,1.038202
169,0.532404
170,0.176082
171,-1.000444
172,0.242016
173,0.261350
174,-0.125445
175,1.085705
176,-0.226254
177,0.936150
178,1.716691
179,-0.124605
180,0.487120
181,-1.122337
182,-0.631753
183,0.997493
184,0.206474
185,1.760074
186,-0.250178
187,-0.496617
188,1.446662
189,0.096648
190,1.307631
191,0.959799
192,1.853374
193,0.701116
194,0.849079
195,1.107130
196,1.603195
197,-0.344082
198,0.043782
199,1.469986
200,0.036860
201,-0.631628
202,0.443945
203,-1.094238
204,0.804270
205,0.384987
206,-0.860638
207,-1.300000
208,-0.602706
209,-1.352466
210,-1.334419
211,-0.885672
212,-0.410962
213,-0.226044
214,1.504353
215,0.148343
216,-0.205355
217,-1.271847
218,-1.200221
219,0.504399
220,-1.026118
221,-1.201844
222,0.642166
223,0.478044
224,1.479285
225,1.313823
226,0.273741
227,0.871589
228,-0.708596
229,0.806663
230,-0.444079
231,-1.402196
232,-0.268850
233,-0.506909
234,0.900624
235,0.392985
236,-0.942794
237,-0.713132
238,-0.243249
239,-1.143003
240,-1.354513
241,0.601922
242,-1.213908
243,-1.353211
244,0.415297
245,-0.003832
246,0.006672
247,-0.283851
248,2.078228
249,0.346680
250,2.155772
251,2.094546
252,0.663995
253,0.061287
254,-2.360140
255,-0.521543
256,0.991095
257,0.828535
258,0.056378
259,-3.301721
260,-0.682910
261,1.098861
262,0.929814
263,-2.001486
264,-2.207747
265,-0.637801
266,-1.100347
267,-0.369792
268,-1.882750
269,0.474900
270,0.155512
271,-1.144749
272,-0.025333
273,0.339960
274,-1.830114
275,-1.129648
276,-0.222426
277,0.000062
278,1.031205
279,0.649660
280,1.550914
281,0.174860
282,-0.096024
283,0.981445
284,-0.089909
285,-0.153109
286,1.147666
287,-0.075846
288,-1.233991
289,-1.365155
290,1.908746
291,-0.388211
292,-2.583810
293,-1.466636
294,-0.507526
295,0.545806
296,-1.810930
297,0.462997
298,-0.345606
299,-0.306277
300,-1.503232
301,-0.774798
302,0.277015
303,-0.368907
304,-2.341008
305,-1.626003
306,-1.096335
307,0.404335
308,2.185964
309,1.509324
310,0.338124
311,-0.835309
312,-0.500689
313,0.903954
314,0.231226
315,-0.042358
316,2.402610
317,-1.936344
318,-0.459937
319,0.051838
320,0.677950
321,0.507473
322,1.671422
323,-0.530919
324,-0.039626
325,0.054244
326,-0.581293
327,1.200218
328,0.077006
329,-0.323281
330,0.875160
331,-0.397815
332,0.045698
333,-1.505223
334,-2.062081
335,-2.182149
336,-0.090294
337,-1.184934
338,0.118536
339,-1.098663
340,-0.002185
341,1.131391
342,-2.022141
343,-0.696077
344,-0.296267
345,1.409623
346,-0.366505
347,-0.810621
348,-1.358065
349,-1.339383
350,-0.821748
351,-1.396603
352,0.508977
353,1.282537
354,0.632194
355,-0.038540
356,-0.774021
357,0.079405
358,0.064350
359,0.212057
360,0.528918
361,1.403462
362,1.378996
363,-2.692751
364,0.808608
365,1.649155
366,-1.148602
367,1.069080
368,1.527193
369,0.958478
370,0.936900
371,0.345141
372,0.131723
373,0.297417
374,-0.087561
375,0.546066
376,-1.039744
377,-0.347288
378,-0.506299
379,-1.996612
380,-1.631497
381,-1.504339
382,-1.498270
383,-0.752211
384,-1.258956
385,-0.771636
386,1.337507
387,-0.846173
388,-0.450475
389,1.048827
390,1.135631
391,-0.738954
392,-1.319966
393,-2.250988
394,0.429459
395,0.561055
396,-1.053088
397,-0.329558
398,-1.168313
399,0.026303
400,0.062202
401,1.835016
402,-0.943521
403,0.194345
404,1.898452
405,0.401981
406,0.609354
407,-1.123235
408,-0.270949
409,1.395069
410,0.588992
411,0.843803
412,1.925723
413,1.073388
414,-0.293227
415,0.283123
416,-2.199234
417,-1.171463
418,-0.755122
419,1.509511
420,-0.466869
421,-1.576040
422,-1.245433
423,0.225864
424,-0.343646
425,0.807363
426,-1.562815
427,0.266666
428,-0.999114
429,-1.756661
430,1.842058
431,0.737637
432,-0.470942
433,0.782482
434,-0.524882
435,1.309963
436,0.774081
437,1.367597
438,0.074593
439,-0.098518
440,1.712917
441,1.025398
442,0.789004
443,-0.067005
444,-0.265388
445,-2.187514
446,-1.718535
447,0.492406
448,-0.280462
449,-0.662482
450,-1.327863
451,-1.182832
452,-1.118521
453,-0.965609
454,-1.108456
455,-0.584840
456,0.142350
457,0.174480
458,-1.442480
459,-0.572120
460,0.702257
461,0.922078
462,-0.577164
463,-0.780294
464,-0.967179
465,-0.574956
466,-0.915417
467,0.709336
468,2.163768
469,1.706739
470,0.982182
471,-0.223959
472,-0.499646
473,-0.216754
474,-0.615549
475,0.246063
476,0.092567
477,-1.153995
478,0.266502
479,-0.691423
480,-0.138319
481,0.853218
482,1.122693
483,-0.444034
484,-1.714275
485,0.377202
486,-0.593498
487,0.242078
488,1.425558
489,-0.248278
490,0.266911
491,1.370458
492,-0.387015
493,0.525349
494,-1.008249
495,-0.357862
496,0.329697
497,-2.289963
498,-0.579280
499,1.604130
500,1.084230
501,0.741135
502,-0.125232
503,-0.363671
504,-0.726477
505,1.272733
506,2.273099
507,-1.866719
508,-1.535162
509,-2.117971
510,0.744917
511,1.178926
512,-0.234395
513,-1.543008
514,-1.680003
515,-0.566087
516,2.336567
517,0.268764
518,0.598182
519,0.830907
520,0.621095
521,1.737530
522,0.972004
523,0.851109
524,0.909609
525,1.321251
526,-0.383549
527,-0.230047
528,-0.894984
529,-0.319425
530,2.044302
531,0.063561
532,-0.111264
533,1.715509
534,1.965485
535,-0.853577
536,0.127356
537,-0.505504
538,-0.640034
539,0.314851
540,-0.853625
541,-0.815926
542,0.184335
543,-2.104809
544,-0.138827
545,0.173794
546,-1.134604
547,-0.837864
548,0.386215
549,-0.102865
550,1.135285
551,-0.639972
552,0.193349
553,0.159502
554,1.200255
555,1.697062
556,-0.592419
557,0.795285
558,-0.419719
559,-1.039643
560,-1.440840
561,1.386039
562,0.741547
563,0.027506
564,-0.005581
565,0.486342
566,-3.905258
567,-0.049158
568,0.367797
569,0.790131
570,0.943169
571,-0.285728
572,-0.007358
573,-0.437227
574,1.490477
575,0.661090
576,-0.492398
577,-1.637471
578,-0.119158
579,-1.513109
580,-0.400013
581,-0.933951
582,0.963674
583,0.466779
584,-0.284706
585,-1.021994
586,1.441839
587,1.731192
588,1.739157
589,1.240465
590,1.213656
591,0.106543
592,-0.391557
593,0.224699
594,0.497189
595,-0.787276
596,0.889630
597,1.395879
598,1.353612
599,1.492165
600,0.009830
601,-1.486333
602,2.566298
603,-0.322904
604,-0.971599
605,0.781624
606,0.985972
607,-1.506904
608,-0.890612
609,-0.243596
610,-0.442564
611,-0.287279
612,1.966361
613,1.499959
614,-0.218581
615,-0.427198
616,0.208981
617,0.640442
618,0.011446
619,-0.041642
620,-0.623356
621,0.451961
622,-0.993408
623,-0.424972
624,-1.749565
625,1.636042
626,0.869756
627,0.469623
628,-2.111172
629,-1.360858
630,-0.364835
631,0.798359
632,-1.709502
633,-1.668142
634,-0.053761
635,0.578509
636,0.014853
637,2.192432
638,0.501430
639,0.181984
640,-0.527809
641,-0.416564
642,-1.115179
643,-0.396714
644,1.329818
645,0.561322
646,-0.544383
647,0.055127
648,0.121421
649,-0.288865
650,-1.541216
651,-1.040819
652,0.774613
653,1.082211
654,1.294998
655,0.373314
656,-0.200594
657,-1.451128
658,-2.408431
659,0.497145
660,0.223809
661,-0.814654
662,-0.636588
663,0.077056
664,-0.867831
665,1.106053
666,-0.160088
667,-0.735419
668,-0.755864
669,0.266884
670,-0.010870
671,1.015899
672,-0.432765
673,-0.335909
674,-0.248302
675,1.765196
676,1.553830
677,-2.641525
678,-1.401084
679,0.755595
680,-0.469057
681,-0.237955
682,-0.400529
683,-0.965698
684,-0.049041
685,0.988125
686,0.344270
687,0.017106
688,-0.434671
689,-1.419962
690,-0.841799
691,-1.156448
692,0.583864
693,-0.794373
694,0.209478
695,-0.917523
696,-0.624801
697,0.077144
698,-0.649967
699,-0.355373
700,-0.748620
701,0.283250
702,1.077637
703,0.139466
704,-1.604666
705,1.177026
706,-0.383257
707,-0.123089
708,1.948227
709,1.361511
710,0.364594
711,0.382304
712,-0.003205
713,-0.617302
714,0.592977
715,0.173162
716,0.411793
717,-0.299396
718,0.277483
719,0.568150
720,0.167502
721,-1.621722
722,0.085790
723,1.093641
724,-0.977535
725,-1.247833
726,1.205591
727,0.130851
728,-0.232313
729,-1.135518
730,0.306211
731,0.417490
732,0.717584
733,0.305504
734,-0.840234
735,0.061395
736,0.295776
737,0.731115
738,0.380628
739,-0.315874
740,0.937531
741,0.507430
742,1.148451
743,0.888818
744,-1.016831
745,-0.302922
746,1.479242
747,1.276732
748,-0.789462
749,1.292377
750,0.533663
751,0.497641
752,0.666440
753,0.291110
754,-1.428127
755,1.071416
756,0.146178
757,-1.795240
758,-0.618178
759,0.149884
760,-0.208200
761,1.574774
762,0.282677
763,0.375791
764,-0.741269
765,-1.268386
766,1.360695
767,-0.587566
768,-0.611840
769,-0.634096
770,0.538560
771,2.607196
772,-0.211165
773,-1.190117
774,-2.437380
775,0.287231
776,-1.092737
777,-0.008260
778,-0.343760
779,-1.050408
780,-0.172612
781,-0.998726
782,-0.367290
783,0.716685
784,0.652810
785,-1.091476
786,-0.567031
787,-0.506993
788,-1.471272
789,-0.328533
790,-3.330730
791,-0.097515
792,0.821890
793,1.153429
794,0.615386
795,0.277196
796,0.916133
797,0.656896
798,0.359271
799,2.647346
800,-0.325943
801,0.161156
802,0.035376
803,-0.884131
804,-0.100401
805,0.310924
806,-2.244497
807,-0.315819
808,0.288937
809,0.491412
810,0.467531
811,0.577539
812,-0.371955
813,-0.276210
814,0.486085
815,-0.298926
816,0.637128
817,-2.796049
818,-0.819906
819,-0.784231
820,0.693105
821,-0.453334
822,-1.496035
823,0.302301
824,0.796909
825,0.193253
826,0.649956
827,0.362188
828,0.762718
829,-0.535833
830,0.737555
831,1.035093
832,1.282873
833,0.989133
834,-1.122159
835,-1.541158
836,-0.759815
837,0.833343
838,-0.236705
839,-0.435754
840,0.755335
841,1.696732
842,-0.535998
843,-1.224092
844,0.305774
845,0.192347
846,1.386780
847,-0.068088
848,-0.205831
849,1.319011
850,0.301649
851,0.268233
852,0.244812
853,-0.389012
854,-0.509794
855,-0.813223
856,-1.521394
857,1.450403
858,1.072337
859,1.013962
860,1.745831
861,0.932902
862,-0.212818
863,-1.233821
864,0.022409
865,0.327885
866,0.423528
867,-0.500180
868,-0.258587
869,-0.799976
870,0.493867
871,-0.117951
872,-0.430516
873,0.560172
874,-0.929186
875,0.558452
876,0.620599
877,-3.078058
878,0.145912
879,0.287941
880,0.052879
881,0.776257
882,2.085293
883,0.247683
884,0.568677
885,0.211844
886,0.682253
887,1.825338
888,0.613192
889,-0.478875
890,-0.206678
891,0.571402
892,1.296712
893,1.972290
894,-1.679883
895,-1.821858
896,-1.718418
897,0.250580
898,0.683282
899,-0.243456
900,0.106218
901,1.262262
902,0.416867
903,0.132610
904,1.229730
905,0.997996
906,-1.637118
907,0.171080
908,1.524385
909,-0.772288
910,0.649718
911,-0.658627
912,0.639873
913,0.621919
914,1.264314
915,0.701300
916,0.849870
917,0.832440
918,1.348071
919,0.687678
920,-0.314660
921,-0.391881
922,-0.000343
923,-1.265923
924,-2.169830
925,-1.224105
926,-0.104638
927,0.716658
928,-0.567211
929,-1.776239
930,0.430891
931,-0.643953
932,-0.092411
933,1.231331
934,-1.167081
935,0.370783
936,-0.563164
937,-0.645304
938,-0.325186
939,-0.918435
940,-0.286737
941,0.058351
942,-0.799308
943,1.794715
944,0.547065
945,1.407608
946,0.040790
947,0.278522
948,1.846548
949,0.790751
950,-0.364714
951,0.668697
952,-0.254749
953,-1.415123
954,1.814517
955,0.939421
956,3.074191
957,0.366570
958,-0.267027
959,-1.554420
960,-0.050985
961,0.312067
962,-1.596658
963,0.819418
964,-0.832347
965,-0.369842
966,0.797531
967,0.262154
968,-1.637329
969,-2.851410
970,-0.744370
971,1.250619
972,-0.246245
973,-0.345397
974,-1.161382
975,-1.026710
976,0.450674
977,0.513430
978,1.576133
979,0.174231
980,-0.828605
981,1.835047
982,-0.149549
983,1.172967
984,0.610210
985,1.519427
986,-0.504178
987,-0.500416
988,-0.320012
989,-0.832435
990,1.180956
991,-0.065827
992,-0.740508
993,1.031662
994,-0.232975
995,0.563651
996,-0.323940
997,-0.024204
998,-0.613543
999,1.006632
1000,2.489878
1001,-1.508566
1002,0.787461
1003,1.180302
1004,1.677176
1005,-0.714477
1006,-0.878702
1007,-0.434145
1008,-0.279834
1009,-2.136903
1010,-1.276822
1011,0.941153
1012,0.404899
1013,1.718871
1014,0.176472
1015,0.622993
1016,-0.565563
1017,-0.229208
1018,0.635756
1019,-0.158453
1020,-0.294161
1021,-0.746512
1022,0.432010
1023,1.098743
1024,0.035324
1025,2.140473
1026,1.375160
1027,0.670403
1028,1.121914
1029,0.601598
1030,0.900253
1031,-0.707180
1032,-1.604108
1033,1.218308
1034,-1.298755
1035,-0.214813
1036,-0.838753
1037,-0.314768
1038,0.549164
1039,2.044998
1040,2.261294
1041,0.705567
1042,-0.529811
1043,-0.127803
1044,-0.499790
1045,1.382582
1046,0.819172
1047,1.855517
1048,1.571604
1049,-0.552763
1050,-0.835933
1051,0.355197
1052,-0.335021
1053,1.381671
1054,1.605392
1055,2.250158
1056,0.700295
1057,-0.437510
1058,-0.248272
1059,0.414236
1060,-0.436107
1061,-1.270161
1062,-0.897569
1063,1.012652
1064,0.126785
1065,0.500261
1066,0.982245
1067,-0.396972
1068,0.101437
1069,-1.668443
1070,0.956381
1071,0.885701
1072,-0.616170
1073,0.275846
1074,0.267746
1075,0.091054
1076,-2.326925
1077,-0.566128
1078,-0.812438
1079,-0.851744
1080,-1.383737
1081,-1.149607
1082,1.242742
1083,-0.293955
1084,0.268862
1085,-1.074153
1086,-0.598732
1087,-0.618453
1088,1.247149
1089,1.446105
1090,1.411010
1091,1.330890
1092,1.277078
1093,0.352339
1094,-1.002958
1095,0.335665
1096,-0.560987
1097,-0.149856
1098,-0.331173
1099,-0.585829
1100,-0.584309
1101,0.494708
1102,-1.667320
1103,0.344385
1104,1.254457
1105,-0.115156
1106,1.071862
1107,1.073873
1108,0.613566
1109,0.425242
1110,-1.387371
1111,0.860650
1112,-0.800830
1113,0.269185
1114,-0.025395
1115,-0.000954
1116,1.145332
1117,0.304083
1118,-0.351269
1119,-0.453174
1120,0.399180
1121,0.566823
1122,0.377062
1123,0.707424
1124,1.463373
1125,-0.242651
1126,-0.459405
1127,-1.598182
1128,1.313885
1129,-1.146349
1130,-0.617491
1131,-0.516285
1132,-1.336073
1133,-0.709362
1134,0.069320
1135,-0.298608
1136,0.262102
1137,-0.050242
1138,1.316967
1139,-0.343362
1140,0.876569
1141,-1.005698
1142,-1.918402
1143,-0.684536
1144,-0.710239
1145,-0.288458
1146,-0.554962
1147,-0.361283
1148,-1.397992
1149,0.117121
1150,2.207019
1151,0.544229
1152,0.383504
1153,0.476288
1154,0.432609
1155,0.852106
1156,0.642859
1157,-0.871245
1158,0.155899
1159,-0.061225
1160,-0.106905
1161,-0.094888
1162,-0.169455
1163,-0.052220
1164,-0.372049
1165,-0.110367
1166,-1.230568
1167,0.501979
1168,0.889203
1169,-1.486750
1170,0.498105
1171,-0.029675
1172,-0.363295
1173,1.181683
1174,0.286320
1175,0.207781
1176,-0.059372
1177,-0.988187
1178,-0.185011
1179,0.098775
1180,-2.149583
1181,-1.015650
1182,-0.130498
1183,0.497258
1184,2.020921
1185,0.918872
1186,-0.984545
1187,0.456121
1188,0.065193
1189,-1.241990
1190,-0.054465
1191,1.011087
1192,-0.367186
1193,-1.092032
1194,-0.412412
1195,-0.509550
1196,0.185185
1197,1.475625
1198,2.440942
1199,0.992077
1200,0.014424
1201,-0.635659
1202,-0.902024
1203,-0.511235
1204,-1.196037
1205,-0.532260
1206,-0.802199
1207,0.397242
1208,-1.485062
1209,0.868733
1210,-1.124515
1211,-0.723698
1212,-0.523725
1213,-2.119834
1214,0.866054
1215,1.342601
1216,-1.951785
1217,-0.170430
1218,0.923800
1219,0.392999
1220,2.226299
1221,0.608255
1222,-0.273538
1223,-1.218212
1224,0.129561
1225,0.746867
1226,-1.495213
1227,-2.082383
1228,-1.976249
1229,0.498656
1230,-0.121178
1231,0.613873
1232,3.821970
1233,0.554659
1234,-0.434617
1235,0.980726
1236,1.229953
1237,-1.102049
1238,1.029889
1239,-0.767222
1240,-0.582822
1241,-0.146753
1242,0.330113
1243,0.905424
1244,-0.144117
1245,0.919793
1246,-1.011582
1247,0.917561
1248,0.514709
1249,0.263301
1250,0.798732
1251,0.281976
1252,-0.503777
1253,0.501431
1254,-1.736516
1255,-0.563801
1256,0.191139
1257,0.265083
1258,1.110265
1259,-0.604674
1260,0.912805
1261,-0.393160
1262,0.509539
1263,1.054426
1264,-0.559886
1265,-2.106270
1266,0.171946
1267,0.260462
1268,-0.233977
1269,-1.386902
1270,0.165726
1271,0.240606
1272,0.478540
1273,-0.339292
1274,-0.321624
1275,2.998485
1276,1.088982
1277,0.219745
1278,0.741751
1279,-0.214043
1280,-1.556781
1281,0.603966
1282,0.976242
1283,-2.032391
1284,-3.350283
1285,-0.967848
1286,0.326048
1287,0.877649
1288,-0.934083
1289,0.478445
1290,0.047532
1291,-1.216176
1292,-0.551317
1293,1.888783
1294,0.509454
1295,0.798740
1296,0.870983
1297,1.112753
1298,-0.533700
1299,1.867942
1300,-0.552471
1301,0.861892
1302,1.313505
1303,1.282248
1304,0.438480
1305,-0.445845
1306,-0.440039
1307,1.613941
1308,1.624403
1309,0.740497
1310,-0.826250
1311,-0.566732
1312,0.014909
1313,-0.403547
1314,0.162598
1315,1.374848
1316,-0.188687
1317,-1.337919
1318,1.074782
1319,0.247603
1320,-0.731088
1321,1.117438
1322,1.260213
1323,0.122965
1324,-0.231799
1325,-0.470723
1326,-0.039180
1327,1.536557
1328,-0.795235
1329,-1.133960
1330,-0.533803
1331,-1.220879
1332,-0.347763
1333,0.242851
1334,0.140989
1335,1.027205
1336,-0.062841
1337,0.292376
1338,1.548342
1339,0.683128
1340,-0.574280
1341,0.075843
1342,-1.567951
1343,-1.851293
1344,-1.504825
1345,1.099587
1346,0.872044
1347,1.697900
1348,1.301307
1349,1.638007
1350,1.153379
1351,-0.296205
1352,-0.978600
1353,0.600500
1354,0.333516
1355,1.133714
1356,1.368915
1357,-0.047658
1358,-0.350934
1359,1.575673
1360,0.169051
1361,-0.003593
1362,-0.420568
1363,0.139678
1364,-3.172761
1365,-0.769692
1366,1.709455
1367,-0.708908
1368,0.199080
1369,1.527466
1370,-0.120790
1371,-1.686334
1372,-1.229764
1373,0.968909
1374,-1.208228
1375,0.365858
1376,1.344503
1377,1.484805
1378,-0.066058
1379,0.811110
1380,-0.280022
1381,-1.077000
1382,-0.195036
1383,-0.485407
1384,-0.487799
1385,1.053382
1386,0.526576
1387,-0.347702
1388,0.056987
1389,-0.338036
1390,2.826530
1391,0.450545
1392,2.668226
1393,0.697043
1394,0.819458
1395,-0.362359
1396,0.118173
1397,1.884160
1398,-0.994883
1399,-0.958225
1400,-0.632551
1401,-0.399985
1402,-1.045912
1403,0.219348
1404,0.315482
1405,0.275992
1406,-1.120214
1407,0.425375
1408,-1.618636
1409,-0.364153
1410,-1.193570
1411,-0.516952
1412,0.996519
1413,-2.078003
1414,0.661569
1415,0.235558
1416,0.560553
1417,0.528022
1418,2.019963
1419,1.231454
1420,-0.269331
1421,0.466843
1422,1.430529
1423,0.850691
1424,-1.466290
1425,0.072888
1426,-0.727462
1427,-0.975785
1428,0.218354
1429,-0.057230
1430,-1.356652
1431,-0.036819
1432,0.541336
1433,0.869627
1434,0.031125
1435,-1.150813
1436,-0.446757
1437,1.930169
1438,-0.006472
1439,-0.851507
1440,1.096447
1441,0.378027
1442,-0.539872
1443,1.134338
1444,0.777735
1445,-1.014329
1446,-0.726262
1447,1.108833
1448,2.652703
1449,0.315595
1450,-0.093338
1451,0.010032
1452,-0.668200
1453,1.302429
1454,-0.440051
1455,-0.631181
1456,1.831985
1457,-0.363779
1458,-1.541567
1459,-0.063586
1460,0.768814
1461,-0.512330
1462,1.086948
1463,-1.405842
1464,0.422695
1465,0.885406
1466,1.556717
1467,-0.366561
1468,0.388131
1469,-0.814235
1470,-0.370928
1471,0.120212
1472,-0.479505
1473,1.490842
1474,0.605635
1475,-1.376024
1476,-1.157850
1477,-0.458749
1478,-0.761432
1479,0.674570
1480,1.054488
1481,0.464182
1482,0.660351
1483,0.903506
1484,0.405150
1485,-1.309860
1486,-0.550190
1487,0.316830
1488,3.460225
1489,2.542256
1490,-0.210805
1491,0.754648
1492,0.268967
1493,0.269142
1494,-0.661287
1495,1.708530
1496,0.996189
1497,-0.540975
1498,0.263933
1499,1.222768
1500,0.180723
1501,-0.734814
1502,-2.121818
1503,-0.398026
1504,0.520328
1505,0.229297
1506,-0.941527
1507,0.525142
1508,0.634360
1509,-1.236195
1510,-1.168062
1511,0.891860
1512,1.466717
1513,-0.847629
1514,1.360401
1515,2.477072
1516,1.222668
1517,1.057699
1518,-0.997594
1519,-1.764803
1520,1.121634
1521,0.603627
1522,-0.924141
1523,1.273841
1524,-0.602008
1525,0.950081
1526,1.739842
1527,2.020559
1528,0.780087
1529,-1.506984
1530,-1.911523
1531,0.068090
1532,1.223292
1533,1.731178
1534,0.512107
1535,-1.328255
1536,-0.384766
1537,1.228311
1538,1.585080
1539,0.306559
1540,-0.798650
1541,0.271056
1542,-2.393042
1543,-1.444722
1544,-1.467279
1545,0.009139
1546,1.169091
1547,0.693318
1548,0.358810
1549,0.488031
1550,0.321963
1551,-0.020786
1552,1.490528
1553,2.056047
1554,1.063939
1555,-0.851431
1556,0.389417
1557,0.441771
1558,0.580488
1559,0.508862
1560,1.332401
1561,0.269219
1562,0.300044
1563,0.035022
1564,-0.413385
1565,-0.760922
1566,1.052795
1567,-1.304553
1568,0.418933
1569,-0.526000
1570,-1.488416
1571,-0.401162
1572,-0.896969
1573,0.280422
1574,1.080879
1575,-2.192276
1576,-0.184116
1577,-0.745524
1578,-0.167158
1579,0.142954
1580,2.307845
1581,1.430288
1582,0.169654
1583,1.339627
1584,2.625117
1585,0.994578
1586,1.220543
1587,-0.878619
1588,-0.547230
1589,0.883798
1590,1.619385
1591,-0.418659
1592,-0.565861
1593,-0.404801
1594,-0.583059
1595,-0.777435
1596,-0.283549
1597,-0.173958
1598,0.659477
1599,1.216551
1600,1.881967
1601,-0.819541
1602,0.045968
1603,0.943557
1604,-0.842665
1605,0.019314
1606,1.204716
1607,-1.906546
1608,-0.000030
1609,1.374419
1610,1.108670
1611,0.182163
1612,0.267803
1613,-1.608787
1614,1.123076
1615,-0.049943
1616,-0.245855
1617,-1.232760
1618,-0.504535
1619,0.373200
1620,0.799189
1621,-0.884586
1622,-0.637668
1623,0.054388
1624,-0.583895
1625,1.787175
1626,-0.253461
1627,-0.291042
1628,-2.036049
1629,-0.102161
1630,-0.994204
1631,-0.213014
1632,1.954130
1633,0.972994
1634,1.235055
1635,-1.797522
1636,-0.844883
1637,-0.029395
1638,-1.418729
1639,-0.689810
1640,-0.614109
1641,-1.456956
1642,-0.901166
1643,-1.763232
1644,0.280169
1645,1.473506
1646,-0.429090
1647,-0.635849
1648,0.252485
1649,-0.056265
1650,0.145138
1651,0.450286
1652,0.855192
1653,-0.705836
1654,-0.587411
1655,-0.083433
1656,-0.123529
1657,0.117306
1658,-0.900027
1659,0.412852
1660,0.055615
1661,1.367693
1662,-0.135108
1663,1.668782
1664,1.557142
1665,-1.831660
1666,-0.933075
1667,-0.890179
1668,-1.466815
1669,1.427141
1670,0.491944
1671,0.279574
1672,2.382730
1673,-0.649336
1674,-2.282820
1675,-3.077150
1676,0.353050
1677,0.676986
1678,-0.310530
1679,-0.109011
1680,0.812784
1681,1.042302
1682,1.833009
1683,1.038017
1684,-0.034756
1685,-1.781431
1686,-0.682941
1687,-1.818876
1688,-0.761014
1689,0.553551
1690,-0.688669
1691,-0.002877
1692,-0.574347
1693,1.503347
1694,-0.648203
1695,-0.425712
1696,0.484598
1697,2.863659
1698,-0.109046
1699,0.736554
1700,-1.296975
1701,0.852026
1702,-0.326141
1703,0.179135
1704,0.702762
1705,0.001810
1706,-0.624861
1707,-1.098740
1708,1.139461
1709,0.028820
1710,1.328806
1711,-0.147719
1712,1.241655
1713,-0.364123
1714,-1.454333
1715,-1.697618
1716,-1.231970
1717,-0.249533
1718,0.151012
1719,-1.901706
1720,-0.445818
1721,-1.589794
1722,-0.318567
1723,0.298347
1724,0.773936
1725,-0.854286
1726,-0.852201
1727,0.055976
1728,-1.107441
1729,0.114597
1730,-0.824963
1731,0.752069
1732,0.539811
1733,0.894256
1734,-0.073135
1735,0.486760
1736,0.418551
1737,-2.060005
1738,0.556117
1739,0.884962
1740,-0.034389
1741,-0.587256
1742,-0.274359
1743,-1.727235
1744,-0.335244
1745,-0.376806
1746,-0.101201
1747,0.824807
1748,-0.648118
1749,-1.443728
1750,1.830146
1751,-0.458662
1752,0.197047
1753,-0.976632
1754,-0.487571
1755,0.194998
1756,0.916092
1757,1.455832
1758,-0.958037
1759,0.323855
1760,-0.265922
1761,-0.381069
1762,-0.558545
1763,0.831779
1764,0.441645
1765,-0.512305
1766,0.067877
1767,-0.095802
1768,0.663717
1769,0.989104
1770,1.379302
1771,0.964954
1772,1.120593
1773,-0.134928
1774,0.391086
1775,0.605988
1776,-0.392298
1777,-0.957756
1778,-0.472716
1779,-0.160420
1780,-0.194880
1781,-0.462810
1782,-2.109612
1783,-1.374880
1784,-0.102288
1785,0.000714
1786,0.795075
1787,0.175401
1788,0.515060
1789,-1.268244
1790,1.641546
1791,1.719721
1792,1.425807
1793,0.833869
1794,0.679336
1795,-0.378113
1796,0.288434
1797,0.070482
1798,-0.437083
1799,-1.536086
1800,0.271645
1801,0.236173
1802,-0.525903
1803,-0.016642
1804,-2.163197
1805,-0.963544
1806,1.681730
1807,0.627261
1808,0.299828
1809,-2.375344
1810,-0.773924
1811,0.687694
1812,-0.980228
1813,0.597562
1814,0.430750
1815,-0.248790
1816,1.320652
1817,-0.140050
1818,0.305301
1819,-0.074250
1820,0.086334
1821,-0.916067
1822,-2.551485
1823,-0.133939
1824,-1.236331
1825,-1.986851
1826,-0.333329
1827,0.154219
1828,1.238392
1829,0.558891
1830,-1.091562
1831,-0.205570
1832,1.459868
1833,0.347166
1834,-0.616923
1835,0.819126
1836,-1.868427
1837,0.020820
1838,0.169733
1839,1.349381
1840,1.534731
1841,0.615061
1842,-0.222307
1843,-1.424844
1844,-0.323152
1845,0.048994
1846,0.215905
1847,-1.230797
1848,-0.536549
1849,1.830475
1850,0.413366
1851,-1.127084
1852,0.093521
1853,-2.377549
1854,-0.895027
1855,-0.907532
1856,2.141489
1857,0.985656
1858,-1.302119
1859,-1.133711
1860,-2.139065
1861,0.660077
1862,1.062215
1863,-0.385818
1864,-1.462662
1865,-1.358353
1866,-1.286451
1867,1.176262
1868,-0.059382
1869,0.359986
1870,-0.217359
1871,1.493428
1872,-1.765134
1873,-0.889497
1874,-0.565606
1875,-1.792521
1876,-0.724667
1877,0.706363
1878,-0.496978
1879,-1.428712
1880,-2.123525
1881,0.251250
1882,-0.538623
1883,-0.403396
1884,1.714876
1885,-0.030298
1886,-1.202130
1887,0.097030
1888,-0.919940
1889,0.423083
1890,-0.238189
1891,1.687959
1892,0.164009
1893,1.755137
1894,0.329145
1895,0.487045
1896,0.068252
1897,-2.139396
1898,0.704140
1899,-1.157272
1900,0.098002
1901,1.478487
1902,1.371450
1903,0.537945
1904,0.317088
1905,0.877325
1906,0.335909
1907,-0.428709
1908,0.990203
1909,0.594711
1910,-1.122772
1911,0.734467
1912,1.280533
1913,2.646244
1914,0.633556
1915,0.700600
1916,0.129055
1917,-0.203584
1918,0.983475
1919,0.322699
1920,0.507886
1921,0.073519
1922,-0.068792
1923,0.429427
1924,0.123301
1925,-0.933831
1926,-2.344941
1927,-1.511062
1928,-0.486610
1929,0.746896
1930,0.967585
1931,-0.024254
1932,-1.709447
1933,1.780444
1934,1.057612
1935,1.073181
1936,0.974595
1937,1.244387
1938,0.238717
1939,-0.167486
1940,-1.193071
1941,-0.706323
1942,0.016267
1943,0.890991
1944,1.375056
1945,-0.630736
1946,0.600621
1947,0.274780
1948,-1.978817
1949,-1.635965
1950,-1.722945
1951,0.125935
1952,0.380591
1953,-1.686990
1954,-1.765051
1955,1.317531
1956,-0.877344
1957,-1.028649
1958,-0.571117
1959,-0.895606
1960,-0.109407
1961,-0.755738
1962,-0.765270
1963,-0.652721
1964,-1.046226
1965,-0.597713
1966,0.657409
1967,1.434878
1968,-0.894286
1969,-0.429372
1970,1.355500
1971,-1.846573
1972,-1.139452
1973,-0.648239
1974,-0.676325
1975,0.684466
1976,0.289283
1977,-0.921801
1978,-0.764490
1979,2.487736
1980,0.978523
1981,-0.736781
1982,0.453284
1983,0.337387
1984,3.195543
1985,1.587992
1986,1.337137
1987,-0.302555
1988,-0.187211
1989,-0.372043
1990,-1.609835
1991,-1.078586
1992,-0.976684
1993,0.030238
1994,0.443781
1995,-0.968953
1996,-0.007212
1997,0.072523
1998,-0.051266
1999,-0.097475
2000,2.607673
2001,0.434339
2002,-1.290034
2003,-0.695852
2004,-1.517387
2005,-1.141416
2006,-0.212309
2007,-0.210414
2008,-1.319000
2009,-0.072088
2010,0.409389
2011,0.073711
2012,0.375823
2013,-0.597244
2014,-2.843280
2015,0.828735
2016,-0.171255
2017,-2.041160
2018,-1.372116
2019,-0.212495
2020,-0.744309
2021,0.119326
2022,-0.456498
2023,-0.335131
2024,0.340397
2025,-0.335752
2026,-0.686398
2027,-0.755066
2028,-0.958082
2029,-1.365866
2030,0.231058
2031,-1.197941
2032,-1.258879
2033,-2.236777
2034,-1.213937
2035,-1.303250
2036,-2.240756
2037,-1.847753
2038,0.259393
2039,-0.107741
2040,0.567131
2041,3.045961
2042,1.405058
2043,0.887312
2044,-0.709705
2045,-0.975660
2046,-0.213763
2047,-1.641365
2048,-2.272739
2049,0.966558
2050,-0.833905
2051,-0.138980
2052,-1.484904
2053,-0.359033
2054,-0.007022
2055,-0.800452
2056,-2.176744
2057,0.517649
2058,1.228682
2059,-0.421542
2060,0.732386
2061,-0.847090
2062,0.400203
2063,0.182875
2064,-0.799330
2065,-1.598652
2066,-2.012758
2067,-0.683569
2068,-2.351712
2069,-2.364081
2070,1.065210
2071,-2.197871
2072,-0.920253
2073,-0.180837
2074,0.406377
2075,0.111158
2076,-0.468486
2077,-1.842837
2078,0.378810
2079,1.680073
2080,-1.652322
2081,-0.807734
2082,0.837185
2083,3.181930
2084,1.121270
2085,1.111739
2086,0.327542
2087,1.485874
2088,1.604729
2089,-1.203756
2090,0.382242
2091,-0.675232
2092,0.751123
2093,1.132471
2094,0.033366
2095,0.750059
2096,0.185252
2097,0.101470
2098,-0.612579
2099,0.253697
2100,0.706127
2101,-0.902267
2102,0.343019
2103,-0.634281
2104,-0.256489
2105,1.208093
2106,1.619710
2107,-1.157446
2108,-1.764128
2109,-1.700768
2110,0.568643
2111,0.000281
2112,0.681114
2113,0.779896
2114,1.193159
2115,0.744155
2116,0.367588
2117,0.742824
2118,-2.651251
2119,-2.103577
2120,-0.500839
2121,0.487305
2122,-0.679458
2123,-0.158757
2124,0.776050
2125,0.581453
2126,1.038329
2127,0.012517
2128,-0.016062
2129,-0.347333
2130,-0.162140
2131,1.616356
2132,1.894947
2133,1.030002
2134,0.595680
2135,-0.899267
2136,-0.075206
2137,-0.145140
2138,1.036019
2139,1.687117
2140,-0.551671
2141,0.244081
2142,-2.474288
2143,0.097840
2144,1.019530
2145,-0.868429
2146,0.821286
2147,-2.037231
2148,-0.239393
2149,-0.674184
2150,1.627159
2151,0.112988
2152,1.207260
2153,-0.831016
2154,0.657766
2155,1.816556
2156,0.172652
2157,0.676132
2158,0.641460
2159,0.694171
2160,-0.250882
2161,0.652081
2162,-2.481810
2163,1.124210
2164,-0.021069
2165,0.761649
2166,-0.700733
2167,0.713784
2168,0.518196
2169,-0.654131
2170,1.375383
2171,1.557473
2172,-0.042717
2173,0.416038
2174,1.188102
2175,-0.389963
2176,0.882131
2177,0.239458
2178,0.134899
2179,0.081366
2180,-0.871080
2181,-1.393868
2182,0.881170
2183,0.981444
2184,1.451574
2185,-0.412298
2186,1.782162
2187,-0.977974
2188,-1.342800
2189,-0.120355
2190,0.627167
2191,-0.177608
2192,0.892172
2193,0.671635
2194,-0.505667
2195,-0.036976
2196,-0.920322
2197,-0.166603
2198,0.340310
2199,-2.207518
2200,-1.573929
2201,-0.695309
2202,0.259212
2203,0.331091
2204,1.680052
2205,1.023343
2206,-0.527163
2207,-1.307079
2208,-0.025376
2209,-0.211478
2210,0.228929
2211,1.505447
2212,-0.023994
2213,-1.461161
2214,-0.040883
2215,1.036654
2216,1.199033
2217,0.507855
2218,-0.582259
2219,-0.437474
2220,0.017438
2221,1.764115
2222,0.630746
2223,0.103913
2224,-0.166320
2225,0.160079
2226,0.049030
2227,-0.648743
2228,0.343527
2229,-1.200337
2230,1.239524
2231,-0.552820
2232,0.629046
2233,1.130326
2234,-0.791253
2235,2.013670
2236,-1.134176
2237,0.417132
2238,-0.501096
2239,-0.739876
2240,-0.435580
2241,-0.246513
2242,1.174605
2243,0.661072
2244,-0.157867
2245,-1.124330
2246,-0.910430
2247,0.434974
2248,1.033613
2249,2.047172
2250,1.387968
2251,0.411105
2252,-0.712670
2253,0.126305
2254,-0.234658
2255,-0.686113
2256,-0.488280
2257,-1.445682
2258,1.214493
2259,-1.610005
2260,0.112565
2261,1.372881
2262,-0.880162
2263,0.124252
2264,-0.254850
2265,0.057706
2266,0.712250
2267,-0.315323
2268,0.619149
2269,-0.282879
2270,-2.921889
2271,-0.205679
2272,-0.268849
2273,-1.032273
2274,-0.449028
2275,-0.845795
2276,0.869486
2277,-1.512397
2278,-0.895749
2279,-0.330264
2280,-2.432160
2281,-1.771012
2282,0.312764
2283,-0.274948
2284,-0.996994
2285,0.854829
2286,1.163228
2287,3.205980
2288,1.156769
2289,0.172033
2290,1.475431
2291,1.368583
2292,0.201226
2293,0.530044
2294,1.603778
2295,0.391868
2296,0.631413
2297,1.359261
2298,0.049007
2299,-0.514886
2300,-0.752135
2301,-1.580060
2302,-1.774799
2303,0.478824
2304,-1.693471
2305,-1.393653
2306,-1.716510
2307,-0.994762
2308,-0.385512
2309,0.586435
2310,-0.678213
2311,0.348654
2312,0.529507
2313,0.693379
2314,0.602145
2315,-0.247716
2316,1.895768
2317,0.723362
2318,1.036345
2319,-0.091885
2320,1.403416
2321,-0.111011
2322,1.375247
2323,-0.552467
2324,0.599310
2325,0.320933
2326,-1.621195
2327,-1.169079
2328,-1.407511
2329,-0.486650
2330,-1.704385
2331,-0.709051
2332,0.423738
2333,0.402071
2334,0.362206
2335,-2.464142
2336,-0.028606
2337,-0.371746
2338,1.004652
2339,1.086338
2340,0.709935
2341,-0.763677
2342,3.204190
2343,0.549092
2344,-0.219585
2345,-0.746312
2346,1.532326
2347,0.021423
2348,-0.163504
2349,0.968661
2350,0.136026
2351,0.331283
2352,0.569430
2353,0.379868
2354,0.292615
2355,-1.569131
2356,-0.975530
2357,0.050674
2358,-0.202264
2359,1.051150
2360,-0.603267
2361,-1.441813
2362,-1.700046
2363,-0.628986
2364,-0.960685
2365,0.233029
2366,-0.155546
2367,-0.479028
2368,0.186615
2369,0.014875
2370,0.975109
2371,0.176759
2372,0.969522
2373,1.454610
2374,0.300969
2375,-0.142154
2376,-0.750057
2377,-0.916649
2378,0.013710
2379,0.209199
2380,0.685654
2381,0.772003
2382,0.519246
2383,1.295737
2384,-0.127773
2385,1.228720
2386,-0.098593
2387,0.561602
2388,1.309071
2389,1.031460
2390,0.530053
2391,0.300732
2392,1.715471
2393,0.709952
2394,-0.499931
2395,-0.056492
2396,0.011013
2397,0.659101
2398,0.497584
2399,0.443046
2400,-1.823147
2401,-0.022793
2402,-0.627708
2403,1.236449
2404,0.427074
2405,0.337449
2406,-0.324644
2407,0.210942
2408,-0.164343
2409,-0.003831
2410,-0.503880
2411,-0.153160
2412,0.815625
2413,-0.443172
2414,-0.750245
2415,-0.599648
2416,-0.407524
2417,2.564154
2418,0.016640
2419,1.203634
2420,0.008898
2421,0.507746
2422,0.156882
2423,-2.290723
2424,-0.257254
2425,0.409720
2426,-0.333215
2427,-1.134623
2428,-0.493160
2429,-1.386593
2430,-1.800152
2431,-0.945663
2432,-0.552346
2433,-1.112357
2434,-0.188220
2435,-2.343303
2436,-0.479213
2437,-1.118683
2438,-2.489645
2439,-1.268544
2440,1.704104
2441,-1.538102
2442,0.181056
2443,0.776979
2444,1.591502
2445,0.002827
2446,1.901267
2447,1.278393
2448,1.041293
2449,-0.765023
2450,0.070870
2451,0.733466
2452,-1.395504
2453,0.178879
2454,-0.192380
2455,0.582560
2456,0.038537
2457,-0.472720
2458,1.322884
2459,1.076141
2460,0.649132
2461,0.976920
2462,-0.774438
2463,0.752655
2464,0.194406
2465,0.214440
2466,0.744386
2467,-2.273532
2468,-1.257801
2469,0.291710
2470,0.535087
2471,0.237782
2472,0.601169
2473,-1.032627
2474,0.043239
2475,1.078128
2476,1.602502
2477,2.232972
2478,-0.574853
2479,0.882755
2480,-0.514845
2481,1.695216
2482,-0.239796
2483,-0.753268
2484,0.120808
2485,-1.023664
2486,-0.116416
2487,-0.808241
2488,-2.026627
2489,-0.634118
2490,-1.002783
2491,-1.520778
2492,-0.333136
2493,0.394680
2494,0.568957
2495,0.116097
2496,0.977723
2497,0.255344
2498,0.793619
2499,2.197109
2500,0.359887
2501,2.679033
2502,2.418673
2503,0.970585
2504,0.558898
2505,-0.168270
2506,-1.315352
2507,0.806721
2508,0.579479
2509,0.591912
2510,0.194006
2511,-0.395966
2512,-0.844614
2513,-1.631711
2514,-0.478904
2515,0.705384
2516,0.852501
2517,-1.419289
2518,1.637396
2519,1.322604
2520,0.155279
2521,-1.351002
2522,-0.192170
2523,0.670185
2524,-0.538448
2525,0.321084
2526,0.918882
2527,-0.004353
2528,0.672837
2529,0.499235
2530,-0.603095
2531,0.409083
2532,0.734109
2533,1.675916
2534,0.590634
2535,1.657123
2536,-0.514185
2537,1.334973
2538,0.614946
2539,0.294767
2540,0.596800
2541,0.822212
2542,1.026334
2543,1.359112
2544,-0.033631
2545,-1.022689
2546,0.647466
2547,-0.416005
2548,-0.757011
2549,-0.420380
2550,0.647740
2551,-0.286722
2552,-0.267680
2553,-0.356366
2554,2.124741
2555,-0.086927
2556,1.191337
2557,0.080468
2558,-0.323325
2559,-1.135379
2560,-1.086532
2561,-1.527025
2562,-1.641834
2563,1.135005
2564,0.868755
2565,1.950202
2566,1.437108
2567,0.485282
2568,0.705858
2569,0.682125
2570,-0.482336
2571,0.907892
2572,2.893504
2573,1.038894
2574,0.390486
2575,-2.349189
2576,0.123067
2577,-0.588777
2578,-1.454876
2579,0.104403
2580,-0.767659
2581,0.093808
2582,2.091515
2583,0.522352
2584,1.092296
2585,2.340125
2586,0.649370
2587,-0.100042
2588,-0.334068
2589,0.716220
2590,1.338524
2591,2.429424
2592,0.486908
2593,-0.393740
2594,0.640286
2595,0.893796
2596,-0.156384
2597,0.627766
2598,0.899983
2599,0.953826
2600,-0.059402
2601,1.202363
2602,1.470330
2603,0.297418
2604,0.641244
2605,-0.499954
2606,-2.165685
2607,-0.494128
2608,1.689393
2609,-0.985827
2610,0.854710
2611,0.828192
2612,-0.931485
2613,0.310501
2614,0.193813
2615,-0.868280
2616,-0.013415
2617,-0.714316
2618,-1.227985
2619,0.765488
2620,0.043939
2621,1.512898
2622,1.151683
2623,-1.963878
2624,-1.136957
2625,-2.539037
2626,0.357298
2627,1.172410
2628,-0.580944
2629,0.505775
2630,-0.894678
2631,0.575696
2632,1.145837
2633,1.698559
2634,2.286551
2635,2.004413
2636,2.331436
2637,1.575147
2638,-1.242377
2639,-0.744652
2640,-0.226503
2641,-0.600239
2642,-0.358691
2643,0.110156
2644,-0.550668
2645,-0.621824
2646,-0.394089
2647,0.510468
2648,-0.374707
2649,-1.041808
2650,1.938492
2651,2.343541
2652,2.967181
2653,0.839406
2654,0.569167
2655,0.745944
2656,-0.191322
2657,-0.692289
2658,-2.661088
2659,-0.365091
2660,-0.227700
2661,-0.315927
2662,0.735073
2663,-0.054888
2664,0.599846
2665,0.187793
2666,-0.239166
2667,0.512778
2668,-1.464562
2669,1.636569
2670,1.001266
2671,0.597683
2672,0.515900
2673,0.653629
2674,1.212343
2675,0.602509
2676,0.814348
2677,1.291320
2678,2.132737
2679,0.979493
2680,1.126150
2681,-0.964613
2682,-0.025333
2683,1.071825
2684,1.615347
2685,0.085953
2686,-0.083608
2687,-0.462409
2688,-0.731330
2689,0.688571
2690,1.147729
2691,1.133578
2692,-0.844686
2693,0.354137
2694,1.447458
2695,-0.507939
2696,-0.618286
2697,-0.117099
2698,0.109282
2699,1.576777
2700,0.060530
2701,-0.312420
2702,-1.583612
2703,0.926936
2704,0.397509
2705,0.804206
2706,0.991304
2707,0.189646
2708,1.793133
2709,0.233090
2710,0.117551
2711,0.098699
2712,-0.324403
2713,0.252407
2714,1.184288
2715,-0.532241
2716,0.382382
2717,-0.732291
2718,-0.797194
2719,0.379804
2720,0.327089
2721,1.700416
2722,0.419222
2723,1.313481
2724,0.681393
2725,0.988678
2726,-0.229852
2727,0.709200
2728,-0.298989
2729,0.430985
2730,-0.290407
2731,0.718820
2732,0.419045
2733,-0.487843
2734,0.181604
2735,-1.606433
2736,0.310834
2737,-1.089395
2738,-0.593558
2739,0.151465
2740,1.078155
2741,0.425453
2742,1.814669
2743,0.222702
2744,0.509443
2745,0.031452
2746,-0.836383
2747,-0.831498
2748,-0.583054
2749,0.327886
2750,1.170804
2751,-1.723680
2752,0.128736
2753,0.060646
2754,0.900892
2755,0.940910
2756,0.918446
2757,-0.081947
2758,0.005058
2759,-1.266141
2760,-0.481428
2761,-0.093520
2762,0.281619
2763,-1.370197
2764,-1.623361
2765,-1.137941
2766,-1.909672
2767,-0.550900
2768,-0.149279
2769,0.813937
2770,1.610096
2771,0.300433
2772,-1.705508
2773,-1.287828
2774,-1.636282
2775,1.275284
2776,0.700583
2777,0.136181
2778,-0.276999
2779,2.023963
2780,-0.610438
2781,0.891409
2782,-1.057085
2783,0.474692
2784,-1.674672
2785,-0.304114
2786,-1.190881
2787,1.011119
2788,0.810960
2789,0.666115
2790,0.201082
2791,1.540262
2792,-0.444319
2793,-2.112266
2794,-0.990441
2795,-0.488388
2796,-0.466377
2797,1.197958
2798,-1.137748
2799,0.066446
2800,-0.507533
2801,-1.776778
2802,1.304737
2803,0.264299
2804,-0.084663
2805,0.282026
2806,-1.251471
2807,-0.977030
2808,1.377594
2809,0.465621
2810,-1.612350
2811,-2.758102
2812,-0.320644
2813,0.581437
2814,-0.181930
2815,-0.963869
2816,-0.773882
2817,-0.611335
2818,1.282764
2819,0.728837
2820,-0.101011
2821,0.902521
2822,0.788694
2823,-2.110833
2824,0.593689
2825,-1.042896
2826,0.301289
2827,0.868542
2828,-0.014755
2829,-0.536878
2830,0.797360
2831,-0.922460
2832,-0.639065
2833,-1.863482
2834,0.623685
2835,0.579913
2836,0.177090
2837,-0.845809
2838,0.815277
2839,-0.383825
2840,-1.360717
2841,3.519779
2842,0.760999
2843,-0.873149
2844,-0.395143
2845,0.468769
2846,0.419067
2847,-0.564494
2848,-1.581014
2849,0.225561
2850,0.329937
2851,0.291167
2852,-0.732255
2853,0.086414
2854,-0.097602
2855,1.196368
2856,-1.478054
2857,-0.557429
2858,-0.302207
2859,-0.499148
2860,0.470233
2861,0.125401
2862,0.413167
2863,0.871677
2864,1.073642
2865,0.881464
2866,-0.034726
2867,-0.306722
2868,-0.091313
2869,-0.454919
2870,-0.590493
2871,-0.003941
2872,0.227344
2873,-0.254383
2874,4.409068
2875,0.991304
2876,0.315279
2877,1.407731
2878,1.856578
2879,0.656343
2880,0.095819
2881,-0.475396
2882,-0.018329
2883,0.587653
2884,-0.696338
2885,1.647143
2886,-0.463705
2887,0.355674
2888,0.093166
2889,-0.235105
2890,-1.419319
2891,-1.222302
2892,0.746339
2893,1.396923
2894,0.076013
2895,-0.523016
2896,-2.356504
2897,1.551282
2898,-0.376560
2899,-1.249344
2900,-0.430396
2901,0.647424
2902,0.695352
2903,-1.346996
2904,0.443530
2905,0.480156
2906,2.359474
2907,-0.119698
2908,-0.537792
2909,-0.624390
2910,1.479408
2911,0.507564
2912,-0.575739
2913,0.253118
2914,0.603035
2915,-0.200002
2916,0.430289
2917,0.636133
2918,0.584079
2919,-0.199156
2920,0.022931
2921,-0.843550
2922,-0.756074
2923,2.756121
2924,1.627863
2925,0.482840
2926,-0.929996
2927,2.214078
2928,0.540283
2929,1.051472
2930,-0.177750
2931,-1.435690
2932,-0.363129
2933,-0.172523
2934,0.071214
2935,0.566132
2936,0.950761
2937,1.095723
2938,0.729354
2939,-0.529306
2940,-1.046232
2941,0.861885
2942,1.130200
2943,-0.848151
2944,-0.526389
2945,-0.880051
2946,-0.492336
2947,-0.074349
2948,0.619067
2949,-0.685290
2950,0.964043
2951,1.095336
2952,-0.105444
2953,-0.545747
2954,-1.732925
2955,-1.280708
2956,-1.530078
2957,1.439805
2958,0.599730
2959,1.042512
2960,2.246322
2961,-0.421695
2962,0.585283
2963,1.000673
2964,-0.420147
2965,-0.536304
2966,-0.934510
2967,-0.057266
2968,1.313423
2969,-0.400135
2970,-0.066533
2971,0.540304
2972,0.938928
2973,-1.047344
2974,-2.276287
2975,-0.716795
2976,1.615182
2977,0.918020
2978,0.308007
2979,1.861290
2980,-0.527121
2981,1.423219
2982,1.491590
2983,-0.465124
2984,0.320946
2985,-0.644725
2986,0.912952
2987,0.017654
2988,0.939151
2989,1.021929
2990,2.206004
2991,0.782278
2992,-0.194175
2993,1.207120
2994,0.549827
2995,-1.732581
2996,0.153654
2997,0.076133
2998,0.002710
2999,-0.687810
3000,1.739119
3001,1.328079
3002,2.608243
3003,0.325291
3004,-1.028528
3005,-1.215625
3006,1.667114
3007,2.091045
3008,0.300621
3009,0.488310
3010,1.591971
3011,0.031947
3012,0.057129
3013,-0.254949
3014,0.402114
3015,-0.836916
3016,0.153244
3017,-1.268644
3018,-0.303887
3019,-1.968942
3020,-0.559589
3021,0.235157
3022,1.289206
3023,0.262447
3024,1.359746
3025,-1.615190
3026,0.825433
3027,0.475500
3028,-0.570211
3029,-0.181614
3030,-0.613055
3031,0.291106
3032,0.335419
3033,0.548316
3034,-0.563448
3035,-1.284487
3036,-0.743865
3037,-1.167843
3038,-1.649064
3039,-1.429528
3040,0.052443
3041,-2.261239
3042,1.155384
3043,-0.940252
3044,0.122407
3045,0.131312
3046,-0.057194
3047,0.355802
3048,1.246776
3049,-0.132448
3050,0.059985
3051,-0.648042
3052,-0.990865
3053,-1.246986
3054,-0.370663
3055,-1.247939
3056,-0.922882
3057,0.306135
3058,0.266744
3059,-0.214793
3060,0.306191
3061,0.943238
3062,-0.666531
3063,-0.613480
3064,-0.980948
3065,-0.891426
3066,1.347069
3067,0.743862
3068,-1.009142
3069,-1.595784
3070,2.120553
3071,0.445019
3072,0.172697
3073,-0.409418
3074,-1.671850
3075,-0.786895
3076,0.069724
3077,-0.077093
3078,0.114916
3079,-0.100347
3080,-0.773920
3081,0.262987
3082,-1.392341
3083,0.001651
3084,1.971930
3085,1.125591
3086,2.527539
3087,0.947727
3088,-0.527189
3089,0.368211
3090,1.633201
3091,1.663394
3092,2.569696
3093,-0.244253
3094,-0.506831
3095,1.427778
3096,0.428307
3097,0.275543
3098,-0.013325
3099,-1.564300
3100,-0.127591
3101,-0.472368
3102,-0.816704
3103,-0.947910
3104,-0.638785
3105,1.156937
3106,0.394610
3107,-0.401227
3108,-2.501977
3109,-3.025018
3110,-0.777098
3111,-0.961769
3112,0.369289
3113,-1.336300
3114,-1.460927
3115,-0.334852
3116,-0.752978
3117,-0.927090
3118,1.382532
3119,2.414293
3120,-0.017724
3121,1.896557
3122,1.151921
3123,-1.660519
3124,-0.976645
3125,0.253780
3126,-0.420947
3127,0.615109
3128,1.127119
3129,-1.459196
3130,0.885225
3131,-0.392397
3132,-0.761870
3133,1.085758
3134,1.142066
3135,-1.120403
3136,-1.390780
3137,0.434449
3138,1.211329
3139,1.163789
3140,1.084147
3141,-1.391526
3142,-0.866388
3143,-1.030428
3144,1.200051
3145,0.089361
3146,1.320776
3147,1.493741
3148,1.951137
3149,1.310767
3150,1.259193
3151,0.176628
3152,1.160932
3153,0.183699
3154,1.218097
3155,-0.182155
3156,0.767305
3157,0.578528
3158,-0.227673
3159,-1.125983
3160,0.761599
3161,-0.505265
3162,-0.967839
3163,0.992874
3164,-0.895117
3165,-1.142199
3166,0.825509
3167,1.768063
3168,-0.528919
3169,-1.387889
3170,-0.964035
3171,-0.530969
3172,-0.280321
3173,0.035566
3174,0.310475
3175,-0.069553
3176,1.034946
3177,2.118927
3178,-0.124030
3179,0.504865
3180,-1.151361
3181,0.118099
3182,-0.458744
3183,-0.364761
3184,-0.837846
3185,1.503644
3186,0.966610
3187,0.077173
3188,-0.147907
3189,-2.152089
3190,-0.838587
3191,-0.999149
3192,-0.382199
3193,-0.818687
3194,-0.434686
3195,0.328983
3196,-0.497392
3197,-1.394423
3198,0.601599
3199,1.136793
3200,1.092172
3201,0.446309
3202,-1.452426
3203,-0.563121
3204,1.425655
3205,1.637088
3206,-0.506941
3207,1.339710
3208,-0.398704
3209,-0.393346
3210,-1.468912
3211,0.063948
3212,-0.613411
3213,0.172512
3214,-0.305384
3215,0.065838
3216,-0.055553
3217,0.171044
3218,1.542800
3219,-1.627524
3220,1.221771
3221,2.869385
3222,0.776252
3223,0.926215
3224,1.188673
3225,1.021571
3226,-0.902043
3227,0.273177
3228,0.636789
3229,-0.240146
3230,-1.123714
3231,0.253503
3232,-0.949859
3233,-1.508688
3234,-0.064159
3235,0.155701
3236,-0.860275
3237,-0.691575
3238,-0.080524
3239,1.189944
3240,0.103129
3241,0.234329
3242,0.054298
3243,1.710893
3244,-0.342696
3245,-1.825041
3246,-0.057302
3247,0.192342
3248,1.630673
3249,-0.469102
3250,1.109265
3251,1.066730
3252,0.467252
3253,0.384207
3254,0.733253
3255,-0.190541
3256,0.122060
3257,0.057524
3258,1.007605
3259,-0.649559
3260,0.596957
3261,-0.710846
3262,-1.347242
3263,-1.081398
3264,0.443367
3265,-1.111545
3266,-1.732357
3267,0.620603
3268,-0.119301
3269,2.110598
3270,2.209147
3271,1.469011
3272,0.096239
3273,1.239234
3274,0.285183
3275,1.642498
3276,0.557585
3277,-0.889000
3278,-2.272190
3279,1.666412
3280,1.386319
3281,2.062901
3282,0.244291
3283,0.994961
3284,0.642100
3285,-0.475412
3286,2.266057
3287,2.431183
3288,0.045609
3289,-2.341347
3290,-1.859179
3291,0.102227
3292,0.709823
3293,0.405557
3294,0.924804
3295,-0.291913
3296,0.322183
3297,-1.274572
3298,-1.197477
3299,-1.856352
3300,2.254578
3301,0.637189
3302,0.857648
3303,-0.770372
3304,-0.886572
3305,0.712524
3306,0.159373
3307,-0.196935
3308,-0.882345
3309,-0.768188
3310,0.203525
3311,-0.598891
3312,0.441443
3313,0.698471
3314,-1.294593
3315,0.080291
3316,0.329925
3317,-0.162947
3318,-0.170883
3319,-0.367818
3320,-1.421571
3321,-0.895630
3322,2.083033
3323,0.841766
3324,1.076733
3325,-0.118995
3326,0.001097
3327,-2.120882
3328,0.143135
3329,0.910126
3330,-0.010890
3331,-0.415117
3332,-1.742620
3333,-0.850100
3334,-0.169093
3335,0.759456
3336,-0.721138
3337,-0.135090
3338,0.050527
3339,-0.731965
3340,0.982001
3341,-2.563603
3342,-1.190793
3343,-0.446733
3344,-1.721184
3345,-1.910204
3346,-1.064706
3347,-1.861231
3348,-1.776377
3349,-0.335301
3350,1.161625
3351,0.216436
3352,-0.219398
3353,-1.150421
3354,0.557118
3355,2.271938
3356,0.243888
3357,0.594003
3358,0.780322
3359,0.549190
3360,1.078259
3361,0.386091
3362,0.047374
3363,-2.088997
3364,-1.640446
3365,-1.344059
3366,0.770029
3367,-0.143502
3368,0.819931
3369,-1.220231
3370,-1.291471
3371,14.638353
3372,21.294631
3373,19.850977
3374,14.446308
3375,15.776894
3376,16.640000
3377,19.756218
3378,19.247756
3379,19.170163
3380,13.357407
3381,12.537714
3382,20.095736
3383,17.461802
3384,17.569836
3385,16.162810
3386,18.466054
3387,15.633341
3388,18.071563
3389,18.694897
3390,19.093360
3391,17.864504
3392,16.422395
3393,18.021914
3394,18.592093
3395,17.979954
3396,20.549198
3397,17.296743
3398,19.900264
3399,16.407236
3400,17.262735
3401,16.236652
3402,21.274926
3403,20.573569
3404,16.609926
3405,15.402138
3406,18.479096
3407,17.042392
3408,15.230815
3409,22.220139
3410,18.161198
3411,15.409074
3412,16.245673
3413,15.555367
3414,14.077436
3415,15.240679
3416,16.550051
3417,17.830466
3418,20.343686
3419,18.131732
3420,20.238959
3421,17.377035
3422,17.903303
3423,14.617429
3424,16.306267
3425,20.019561
3426,19.693819
3427,17.780847
3428,19.517416
3429,15.673658
3430,20.026043
3431,16.656697
3432,19.341044
3433,15.920942
3434,17.999657
3435,21.287806
3436,18.958309
3437,17.258718
3438,17.518909
3439,16.067051
3440,15.288981
3441,16.304995
3442,16.452602
3443,17.436111
3444,20.207117
3445,20.984978
3446,18.620680
3447,17.467951
3448,20.338089
3449,13.747152
3450,14.017256
3451,19.475472
3452,17.514816
3453,15.889072
3454,15.734524
3455,14.589026
3456,16.597942
3457,17.616024
3458,17.208286
3459,18.353280
3460,17.667402
3461,19.037841
3462,17.362316
3463,14.425224
3464,15.421929
3465,17.884937
3466,16.166307
3467,16.842905
3468,10.639318
3469,15.542380
3470,15.601953
3471,20.966464
3472,16.326285
3473,15.677400
3474,20.040978
3475,23.405512
3476,19.171311
3477,18.706698
3478,20.438566
3479,16.134282
3480,17.946046
3481,18.872834
3482,17.252482
3483,13.530701
3484,13.032340
3485,17.658622
3486,18.702097
3487,18.195638
3488,20.450254
3489,17.736127
3490,15.972976
3491,17.430424
3492,19.200638
3493,16.516383
3494,18.785941
3495,14.303059
3496,13.493421
3497,16.433475
3498,12.180424
3499,17.379610
3500,20.666797
3501,20.186992
3502,19.007095
3503,19.456354
3504,16.659477
3505,14.789029
3506,17.341903
3507,16.472943
3508,10.580271
3509,15.728511
3510,17.736865
3511,20.493680
3512,13.723753
3513,17.643321
3514,16.435730
3515,19.626916
3516,15.990780
3517,19.684776
3518,17.779992
3519,16.439221
3520,19.549913
3521,14.627817
3522,17.863131
3523,13.828861
3524,16.032877
3525,18.115102
3526,23.492654
3527,18.609517
3528,17.612090
3529,19.558166
3530,14.370169
3531,18.424663
3532,17.681304
3533,16.705776
3534,15.893471
3535,15.126845
3536,15.611566
3537,14.375878
3538,20.832911
3539,16.675936
3540,18.127904
3541,15.323342
3542,14.323444
3543,14.722887
3544,18.005755
3545,16.604579
3546,16.785453
3547,16.776327
3548,19.726374
3549,19.141600
3550,17.385846
3551,20.194730
3552,16.042952
3553,21.793921
3554,19.125996
3555,17.251197
3556,18.989454
3557,15.912433
3558,19.296206
3559,16.833642
3560,18.024977
3561,17.247164
3562,19.939344
3563,18.125208
3564,17.676200
3565,17.778011
3566,17.428767
3567,14.777793
3568,16.272376
3569,18.932571
3570,17.315723
3571,17.487970
3572,19.162398
3573,21.061360
3574,20.015862
3575,19.199530
3576,17.441421
3577,18.636508
3578,17.786977
3579,23.478294
3580,19.020620
3581,18.637303
3582,17.529864
3583,15.632667
3584,18.155662
3585,3.725708
3586,-0.241033
3587,-0.366440
3588,-1.025539
3589,-1.199166
3590,-1.287662
3591,-1.759929
3592,-1.077689
3593,-0.932570
3594,-0.919189
3595,0.657409
3596,-0.362085
3597,-0.221445
3598,0.027545
3599,-0.357883
3600,0.480532
3601,1.092657
3602,0.146160
3603,0.627900
3604,-0.440749
3605,0.552636
3606,-0.046479
3607,0.256289
3608,-0.361170
3609,0.756008
3610,-0.807416
3611,0.184243
3612,0.199785
3613,-1.543980
3614,1.467246
3615,1.313449
3616,0.303401
3617,-0.431372
3618,1.646645
3619,0.586564
3620,-0.696308
3621,-0.976825
3622,0.556197
3623,-2.368926
3624,-0.472494
3625,-0.011280
3626,-0.569443
3627,-1.352181
3628,-2.410159
3629,-0.899244
3630,-0.589075
3631,-1.385960
3632,-0.143442
3633,0.323209
3634,0.510592
3635,1.147042
3636,-0.316923
3637,-1.700733
3638,-0.990617
3639,-0.455273
3640,-0.965304
3641,-0.605838
3642,0.863418
3643,-1.392499
3644,0.884000
3645,0.199520
3646,0.442524
3647,0.142438
3648,-0.029958
3649,0.432199
3650,0.207118
3651,-1.139905
3652,1.318602
3653,1.489130
3654,0.911009
3655,-0.860078
3656,-2.330668
3657,0.524336
3658,1.153730
3659,0.412652
3660,-0.840852
3661,-1.022182
3662,-0.954491
3663,0.322052
3664,0.397792
3665,1.217684
3666,0.412446
3667,-0.590391
3668,-1.367011
3669,-1.457123
3670,0.840935
3671,1.235412
3672,-0.220905
3673,1.004281
3674,-0.310925
3675,0.930216
3676,-1.531576
3677,-0.592010
3678,0.024650
3679,-2.010089
3680,-0.511698
3681,-1.606244
3682,1.426456
3683,0.482972
3684,0.138603
3685,-0.546487
3686,-0.638087
3687,-0.972029
3688,1.152645
3689,0.466592
3690,0.017225
3691,-1.275442
3692,-0.425742
3693,-0.906680
3694,-0.579265
3695,0.250216
3696,0.462032
3697,0.080879
3698,-0.244719
3699,-1.445870
3700,-1.448057
3701,-1.058903
3702,1.136494
3703,-0.050552
3704,-0.465730
3705,0.776026
3706,0.858231
3707,-0.096618
3708,2.182505
3709,-1.863208
3710,-0.295768
3711,-0.930537
3712,0.346631
3713,0.570916
3714,-0.254883
3715,-0.204376
3716,-1.200620
3717,-1.552062
3718,-0.054862
3719,2.263520
3720,-0.909753
3721,-0.583560
3722,1.129428
3723,0.891900
3724,-0.274462
3725,0.918531
3726,0.984118
3727,1.069040
3728,1.272036
3729,-0.368909
3730,0.045524
3731,-0.868869
3732,-1.064051
3733,1.635403
3734,1.745290
3735,1.237395
3736,1.501767
3737,0.095539
3738,0.259088
3739,-0.513932
3740,-0.965872
3741,-1.324149
3742,-0.496642
3743,0.177212
3744,0.108912
3745,-1.201229
3746,-0.985358
3747,0.796648
3748,0.028122
3749,1.298767
3750,0.891280
3751,-0.138165
3752,-0.303009
3753,1.048975
3754,0.476807
3755,1.257996
3756,0.401177
3757,-0.522999
3758,0.463421
3759,-0.313805
3760,0.069260
3761,-0.201116
3762,0.192585
3763,0.674363
3764,-0.602744
3765,0.863878
3766,0.728411
3767,1.041273
3768,1.089457
3769,1.143875
3770,-2.705074
3771,-0.029791
3772,-1.680861
3773,-1.946326
3774,-1.250721
3775,-0.780535
3776,0.040955
3777,-1.872572
3778,0.449393
3779,-0.634524
3780,0.899913
3781,1.266672
3782,-1.021037
3783,0.416415
3784,-1.035309
3785,-1.365463
3786,0.206412
3787,-0.573512
3788,0.013369
3789,0.141858
3790,0.520826
3791,0.750285
3792,-1.383084
3793,-1.615081
3794,-1.170568
3795,-0.397877
3796,-0.003523
3797,0.445542
3798,-0.251998
3799,1.501311
3800,0.393796
3801,0.782284
3802,0.864261
3803,0.073329
3804,0.629029
3805,0.536621
3806,-0.518234
3807,-1.358574
3808,-0.874113
3809,-0.946868
3810,-0.860380
3811,0.512901
3812,1.159298
3813,1.860879
3814,0.334742
3815,0.276500
3816,0.136552
3817,-0.244158
3818,0.974144
3819,0.833420
3820,0.593724
3821,0.509055
3822,-0.020624
3823,-0.646761
3824,0.268291
3825,-0.665982
3826,0.330319
3827,0.588697
3828,-1.557871
3829,-1.327165
3830,-0.632781
3831,1.444991
3832,1.101127
3833,0.229766
3834,1.061838
3835,0.917513
3836,-1.018479
3837,-0.087888
3838,2.060955
3839,0.567336
3840,0.494863
3841,0.846659
3842,1.010297
3843,0.668134
3844,0.252752
3845,-0.890948
3846,1.086123
3847,0.088359
3848,-0.005304
3849,-0.481748
3850,0.373002
3851,0.246299
3852,-0.373616
3853,-0.578485
3854,-1.417041
3855,1.550509
3856,0.450104
3857,-1.279491
3858,-0.179169
3859,0.747129
3860,0.448452
3861,1.296967
3862,0.617793
3863,-0.147718
3864,0.252559
3865,1.148060
3866,1.069884
3867,-0.021841
3868,0.818812
3869,0.467842
3870,-0.806900
3871,-0.266338
3872,1.033123
3873,0.195947
3874,-0.432301
3875,0.669639
3876,-0.708054
3877,-1.099790
3878,-1.969607
3879,-2.120961
3880,0.956690
3881,-0.444855
3882,-0.429641
3883,-1.148482
3884,-0.687956
3885,0.303603
3886,-0.698635
3887,0.212641
3888,1.653389
3889,0.900349
3890,-0.876602
3891,0.169385
3892,0.441845
3893,0.616259
3894,-0.281031
3895,0.041142
3896,-1.032714
3897,0.006769
3898,1.364214
3899,-0.694535
3900,-1.124048
3901,0.893226
3902,0.981481
3903,-1.453128
3904,-1.033946
3905,-0.051641
3906,1.506211
3907,0.765854
3908,0.818827
3909,1.739489
3910,0.949652
3911,1.199173
3912,0.338833
3913,-0.114902
3914,-0.427218
3915,-0.262030
3916,0.751644
3917,-0.080209
3918,0.556599
3919,0.860152
3920,-0.139235
3921,-0.800323
3922,-0.821012
3923,-1.854003
3924,2.997776
3925,3.373575
3926,0.470702
3927,0.111509
3928,1.603353
3929,-0.087628
3930,0.500781
3931,-0.158372
3932,0.051387
3933,0.029993
3934,-0.626660
3935,-3.752450
3936,-2.176777
3937,0.727216
3938,1.872847
3939,0.511733
3940,-1.151086
3941,-0.166617
3942,-2.017895
3943,1.497159
3944,0.117852
3945,1.715343
3946,-0.144769
3947,0.959093
3948,-0.662443
3949,-1.057925
3950,-0.698809
3951,1.511917
3952,2.255152
3953,-0.563811
3954,-0.123367
3955,0.740610
3956,1.152278
3957,-0.405039
3958,0.747699
3959,0.174787
3960,0.444697
3961,-0.554714
3962,0.175267
3963,0.055869
3964,1.382291
3965,1.170508
3966,-0.489782
3967,1.175542
3968,-0.622721
3969,-0.163393
3970,-0.588312
3971,-0.522263
3972,-0.440682
3973,0.240206
3974,-1.536907
3975,-2.257669
3976,-0.028842
3977,-1.282305
3978,-1.734163
3979,1.979038
3980,0.009438
3981,-0.650053
3982,-1.513075
3983,1.489666
3984,1.363518
3985,1.017527
3986,-1.481970
3987,-0.132703
3988,-0.681220
3989,0.625057
3990,2.856559
3991,0.862947
3992,2.182233
3993,1.106182
3994,1.946320
3995,2.247882
3996,2.020144
3997,-0.079180
3998,1.365649
3999,0.373773
4000,-1.311898
4001,-1.573998
4002,0.118254
4003,-0.110091
4004,1.022114
4005,0.699780
4006,0.291238
4007,-1.316080
4008,-1.369568
4009,2.386183
4010,2.085107
4011,1.359564
4012,-0.087475
4013,0.771580
4014,-0.016643
4015,-0.150875
4016,0.384969
4017,-1.455012
4018,-0.046811
4019,-0.281613
4020,-1.577218
4021,0.404953
4022,0.506873
4023,-0.385655
4024,1.849715
4025,-0.274038
4026,-0.620452
4027,-0.555624
4028,0.698909
4029,-1.228167
4030,-0.717132
4031,-0.615092
4032,1.164533
4033,0.134403
4034,-1.148020
4035,0.953684
4036,0.064714
4037,0.899041
4038,-0.405143
4039,-1.775542
4040,-0.460986
4041,-0.348856
4042,-0.475457
4043,0.086313
4044,-0.349123
4045,1.209744
4046,1.795784
4047,0.187067
4048,0.021165
4049,-0.837987
4050,-2.126725
4051,-2.073258
4052,-0.321965
4053,-1.294146
4054,-0.333582
4055,0.281343
4056,-1.004338
4057,0.986175
4058,0.705999
4059,-0.281405
4060,1.175344
4061,0.112568
4062,-0.630104
4063,0.924908
4064,0.306384
4065,0.130152
4066,1.245720
4067,1.675004
4068,-0.145713
4069,-1.016077
4070,-0.660968
4071,-0.789193
4072,-1.118484
4073,1.635789
4074,0.504434
4075,-0.750135
4076,1.095255
4077,0.130974
4078,1.113302
4079,-0.489872
4080,0.108146
4081,0.256996
4082,0.494856
4083,0.145120
4084,0.537266
4085,0.428083
4086,0.955903
4087,-0.615191
4088,0.567545
4089,0.470586
4090,-0.820586
4091,-0.940371
4092,-2.128390
4093,-0.268792
4094,2.209693
4095,0.697051
4096,0.893676
4097,0.124754
4098,-0.385635
4099,-0.592643
4100,0.237010
4101,-0.670763
4102,-0.535639
4103,-1.248447
4104,0.370242
4105,-1.075502
4106,1.054297
4107,0.204512
4108,-0.180306
4109,-1.194705
4110,-0.512739
4111,-2.319905
4112,1.011896
4113,1.673205
4114,1.754390
4115,1.084271
4116,1.607626
4117,0.260951
4118,-0.184441
4119,-0.680754
4120,-0.398604
4121,-0.013714
4122,-0.386876
4123,-1.449535
4124,0.380714
4125,1.485966
4126,0.480422
4127,-1.541915
4128,0.384991
4129,-0.106191
4130,-0.563447
4131,0.727215
4132,0.927445
4133,-1.625700
4134,1.487611
4135,-1.604314
4136,0.258248
4137,1.038457
4138,-0.541149
4139,-1.148172
4140,-2.139198
4141,-0.202084
4142,0.616782
4143,-1.764887
4144,-0.109530
4145,-0.028674
4146,-0.111994
4147,-1.884702
4148,-0.813155
4149,1.858682
4150,1.011283
4151,-0.646476
4152,-1.862628
4153,-1.052407
4154,-0.451635
4155,-0.809495
4156,-1.370434
4157,0.266395
4158,0.145904
4159,-0.603338
4160,-0.696414
4161,-0.601666
4162,1.255370
4163,-0.933869
4164,-2.160345
4165,-0.319946
4166,-0.930988
4167,-0.603639
4168,-0.281276
4169,2.263982
4170,0.857412
4171,0.841207
4172,0.460185
4173,1.827722
4174,0.509701
4175,-2.795972
4176,1.196888
4177,-0.115571
4178,-0.771564
4179,1.560472
4180,-0.021237
4181,1.018003
4182,-0.596712
4183,0.016385
4184,-1.083282
4185,2.358071
4186,1.172678
4187,0.083465
4188,-0.197343
4189,-0.758856
4190,-1.425891
4191,-0.132110
4192,-0.050744
4193,-0.859839
4194,0.551149
4195,2.518463
4196,1.370672
4197,0.652187
4198,-1.302707
4199,-0.399623
4200,-0.566238
4201,-1.216939
4202,0.221667
4203,0.414950
4204,0.548759
4205,-0.702903
4206,-1.362741
4207,-1.736439
4208,-1.442891
4209,-0.378903
4210,1.322068
4211,1.154502
4212,-0.529012
4213,-0.106327
4214,0.074798
4215,-0.855567
4216,-1.679177
4217,-0.458931
4218,0.841900
4219,0.604273
4220,-1.319980
4221,0.720237
4222,0.760972
4223,0.802863
4224,0.095640
4225,0.355298
4226,-1.062062
4227,-1.999607
4228,-1.809753
4229,0.819289
4230,1.328239
4231,0.687840
4232,-0.196404
4233,1.361026
4234,0.118279
4235,0.563146
4236,-0.408005
4237,-0.289612
4238,-0.017894
4239,-0.854891
4240,0.290809
4241,0.954605
4242,-1.189458
4243,0.602410
4244,-0.562595
4245,-0.640685
4246,0.470378
4247,-0.654934
4248,2.374031
4249,0.602331
4250,0.017523
4251,-0.600960
4252,0.324447
4253,-0.937237
4254,-0.171731
4255,1.952772
4256,-0.181976
4257,-1.105463
4258,-0.453445
4259,0.553355
4260,1.117958
4261,-1.139705
4262,-0.305382
4263,0.919537
4264,0.773337
4265,-1.165813
4266,1.649798
4267,-1.146368
4268,-1.130127
4269,0.896164
4270,2.220527
4271,0.931668
4272,1.014798
4273,0.273109
4274,-0.574540
4275,-1.768758
4276,-0.762484
4277,-0.137072
4278,1.677763
4279,0.762838
4280,0.538817
4281,0.527927
4282,2.268029
4283,0.599780
4284,-1.312312
4285,-0.466159
4286,-0.017716
4287,-0.637194
4288,0.384991
4289,0.959833
4290,-0.487629
4291,-0.788503
4292,0.579966
4293,0.320043
4294,-2.675376
4295,-0.222969
4296,-0.203320
4297,0.472673
4298,-0.429098
4299,1.252567
4300,0.008862
4301,0.049249
4302,-0.299246
4303,0.475544
4304,0.575680
4305,-0.637756
4306,0.587373
4307,0.124636
4308,-0.576081
4309,1.453703
4310,0.774834
4311,-0.690842
4312,1.285191
4313,1.650003
4314,0.132351
4315,2.412114
4316,0.417695
4317,1.661032
4318,0.256127
4319,1.908926
4320,1.062456
4321,2.231779
4322,-0.139888
4323,0.090702
4324,0.500112
4325,0.619428
4326,-0.086793
4327,0.531437
4328,-1.192437
4329,-1.560571
4330,-1.520268
4331,1.383426
4332,1.065285
4333,0.568646
4334,-0.167555
4335,1.107904
4336,-0.133741
4337,-0.180286
4338,0.034675
4339,-0.441293
4340,-2.504562
4341,-2.883307
4342,-0.972128
4343,2.121173
4344,0.719724
4345,2.772098
4346,0.325530
4347,2.258655
4348,-1.347698
4349,-0.253772
4350,0.001255
4351,0.379922
4352,0.763837
4353,0.284371
4354,-2.631141
4355,-0.111387
4356,-0.559450
4357,-0.431759
4358,-0.791315
4359,0.751932
4360,1.293284
4361,-1.170255
4362,2.226086
4363,0.208339
4364,-0.771198
4365,0.906765
4366,0.370670
4367,1.112434
4368,0.061692
4369,2.202779
4370,1.578722
4371,0.162125
4372,-0.564271
4373,0.084597
4374,0.704753
4375,-1.062254
4376,-0.388216
4377,-0.361872
4378,-0.012482
4379,0.637549
4380,1.436121
4381,-0.228373
4382,2.086483
4383,0.396205
4384,-0.957728
4385,0.556290
4386,1.023158
4387,0.085755
4388,-0.944404
4389,-1.160599
4390,0.156288
4391,-0.478605
4392,-0.429109
4393,0.727781
4394,0.426779
4395,-1.042866
4396,-0.991689
4397,-0.461994
4398,-0.303703
4399,0.277948
4400,-0.314800
4401,-0.850201
4402,-0.273833
4403,-0.739731
4404,-1.347394
4405,0.770748
4406,1.249793
4407,-0.586790
4408,-0.879260
4409,-0.312834
4410,-0.922440
4411,-2.274116
4412,-0.057004
4413,0.815077
4414,1.012024
4415,0.105148
4416,-2.255554
4417,-1.012476
4418,-0.168117
4419,-0.469330
4420,-0.504133
4421,-0.983093
4422,0.387494
4423,2.059107
4424,-1.022331
4425,-1.170767
4426,0.843804
4427,-1.003824
4428,-2.329258
4429,-1.415754
4430,-0.113092
4431,-1.503175
4432,-2.228414
4433,-0.808383
4434,-0.498163
4435,1.549333
4436,-0.113572
4437,0.393155
4438,0.230201
4439,0.302119
4440,3.273196
4441,0.904477
4442,0.133904
4443,0.633807
4444,1.574184
4445,-1.914235
4446,-0.719726
4447,-0.136459
4448,-1.708669
4449,0.243390
4450,1.122975
4451,1.333883
4452,0.443400
4453,-0.292301
4454,-1.116355
4455,0.081708
4456,-0.072565
4457,0.465950
4458,1.787447
4459,-0.063531
4460,-0.406693
4461,0.360771
4462,0.296542
4463,-1.903801
4464,0.585704
4465,-1.162917
4466,-1.076465
4467,-0.858954
4468,0.197840
4469,0.674598
4470,-1.011776
4471,0.469620
4472,1.422656
4473,-0.990024
4474,0.027346
4475,-0.500474
4476,-0.453142
4477,0.289344
4478,-1.386332
4479,0.218725
4480,1.712214
4481,-0.890782
4482,-1.335358
4483,-1.485120
4484,-0.580075
4485,-1.852523
4486,-2.435483
4487,0.865127
4488,1.660146
4489,-0.039907
4490,0.597663
4491,1.529939
4492,0.744765
4493,-2.248931
4494,-0.175018
4495,-0.083303
4496,-0.185043
4497,1.331004
4498,-0.697495
4499,-0.790518
4500,0.341536
4501,0.792587
4502,-1.595799
4503,0.423916
4504,0.055206
4505,0.321269
4506,0.501108
4507,1.513828
4508,1.377685
4509,-0.500984
4510,-0.632088
4511,0.199142
4512,1.062108
4513,2.247961
4514,1.565912
4515,-0.562560
4516,0.644024
4517,-0.418697
4518,-0.837139
4519,0.698411
4520,-0.054284
4521,-0.923532
4522,1.001077
4523,-0.521308
4524,-1.036628
4525,-1.697960
4526,1.507479
4527,0.358348
4528,1.385919
4529,0.681837
4530,-0.784037
4531,-0.692808
4532,-0.064369
4533,-0.730763
4534,0.012372
4535,-0.006583
4536,-0.249892
4537,1.208866
4538,0.393342
4539,-0.388370
4540,0.516787
4541,-0.880573
4542,-1.109920
4543,0.108202
4544,0.486737
4545,-0.005047
4546,0.623628
4547,-1.734375
4548,-0.940840
4549,0.613374
4550,0.284786
4551,2.277412
4552,1.505864
4553,0.101815
4554,-0.081409
4555,1.788734
4556,1.753783
4557,0.931346
4558,0.213184
4559,0.601785
4560,-1.125430
4561,1.158480
4562,0.861453
4563,0.982263
4564,1.625860
4565,0.082757
4566,-0.645230
4567,-1.615853
4568,0.929880
4569,0.364408
4570,-0.675492
4571,0.770536
4572,0.788894
4573,0.865128
4574,0.819699
4575,-0.143135
4576,0.314190
4577,0.521050
4578,0.148731
4579,1.766319
4580,0.426501
4581,0.557196
4582,1.023245
4583,-0.588800
4584,0.306862
4585,0.787567
4586,-0.203710
4587,-0.892489
4588,0.773901
4589,-0.744649
4590,1.358664
4591,-0.396309
4592,-0.130287
4593,1.113556
4594,0.772244
4595,-0.205384
4596,0.176636
4597,0.043550
4598,-0.483025
4599,-0.647968
4600,0.056984
4601,0.248304
4602,-0.700165
4603,-0.086744
4604,-3.206039
4605,0.808958
4606,2.120686
4607,-1.664120
4608,1.026782
4609,0.072074
4610,-0.058263
4611,0.927599
4612,0.569269
4613,1.753661
4614,-1.162884
4615,-1.563274
4616,0.760512
4617,0.198507
4618,0.782757
4619,0.190318
4620,-0.180693
4621,1.145275
4622,-1.041385
4623,0.035601
4624,-0.337298
4625,-0.517063
4626,1.108881
4627,0.529966
4628,3.082777
4629,-0.868364
4630,0.332165
4631,-0.445888
4632,0.422851
4633,-1.102176
4634,1.838131
4635,0.291592
4636,-0.541914
4637,0.148707
4638,-0.580416
4639,-0.241642
4640,0.210152
4641,1.062694
4642,-0.140322
4643,-1.148944
4644,0.348835
4645,-0.644248
4646,-0.552109
4647,-0.294284
4648,-0.523117
4649,0.085494
4650,-0.205520
4651,-0.813704
4652,1.233081
4653,0.744834
4654,0.971540
4655,-0.398837
4656,0.038640
4657,1.104371
4658,-0.218229
4659,-0.949483
4660,-2.340271
4661,-0.424367
4662,-1.310608
4663,-1.572750
4664,-0.955560
4665,-1.857213
4666,-0.765417
4667,-0.706740
4668,-0.472833
4669,0.389438
4670,-0.183749
4671,0.439073
4672,0.687319
4673,0.863018
4674,0.369584
4675,-0.683581
4676,1.160355
4677,0.069627
4678,-2.023346
4679,0.864803
4680,0.666823
4681,-0.464389
4682,0.662260
4683,-0.627600
4684,-1.190036
4685,1.091258
4686,0.474968
4687,-0.475157
4688,1.707750
4689,0.902969
4690,0.412310
4691,0.081925
4692,-0.969917
4693,-0.485072
4694,-0.246805
4695,-1.771527
4696,-0.166921
4697,0.641459
4698,-0.248352
4699,-0.296314
4700,-0.529524
4701,0.602378
4702,1.477233
4703,-1.315414
4704,-0.154025
4705,-2.262549
4706,-0.169499
4707,0.604617
4708,0.118601
4709,0.295066
4710,-0.150859
4711,0.615865
4712,-0.112318
4713,-1.068940
4714,-1.021442
4715,-0.805916
4716,0.648539
4717,-0.482295
4718,-1.135883
4719,0.007710
4720,1.057117
4721,-1.432786
4722,-0.472180
4723,0.670759
4724,1.530046
4725,0.332429
4726,-1.817878
4727,-1.530336
4728,-0.856544
4729,-0.709186
4730,0.726769
4731,1.514722
4732,1.553869
4733,-1.149968
4734,1.737904
4735,2.301176
4736,-0.571798
4737,0.771222
4738,-0.851549
4739,-0.252063
4740,1.252822
4741,1.565675
4742,2.380219
4743,1.110117
4744,-0.486697
4745,2.124225
4746,0.164344
4747,-0.092537
4748,-0.015450
4749,0.151659
4750,-0.287861
4751,0.405719
4752,1.162330
4753,-0.694350
4754,-0.785633
4755,0.283251
4756,-0.260652
4757,0.252671
4758,-0.161923
4759,1.159368
4760,1.110565
4761,-0.335161
4762,-1.400434
4763,-1.533698
4764,-0.228198
4765,-0.618790
4766,-0.205768
4767,0.757654
4768,-0.038087
4769,-2.056807
4770,0.090817
4771,0.193183
4772,-1.957359
4773,-1.176590
4774,-0.752730
4775,1.493286
4776,2.054897
4777,0.545943
4778,0.531167
4779,-2.535015
4780,-2.214179
4781,-0.687357
4782,-0.626094
4783,1.476092
4784,0.559885
4785,1.209600
4786,-0.028638
4787,-1.062140
4788,-2.012576
4789,-1.865293
4790,0.783787
4791,-1.321426
4792,-1.922954
4793,-0.970652
4794,0.145770
4795,-0.415875
4796,-0.402846
4797,-0.824779
4798,-0.467915
4799,0.604910
4800,-1.954057
4801,1.311971
4802,-0.198775
4803,0.815094
4804,0.060423
4805,-0.675197
4806,1.668002
4807,0.964524
4808,0.303245
4809,0.228185
4810,0.812374
4811,0.281649
4812,-0.311058
4813,0.446669
4814,1.909999
4815,-0.360078
4816,-3.907622
4817,-0.747578
4818,0.330070
4819,0.528981
4820,-1.102760
4821,0.015767
4822,0.071954
4823,0.591506
4824,1.417813
4825,0.373501
4826,0.515882
4827,0.565037
4828,0.228446
4829,-0.883518
4830,-0.249632
4831,0.006199
4832,0.771228
4833,1.826794
4834,1.337301
4835,0.332655
4836,0.526975
4837,0.885658
4838,-1.476547
4839,-0.481365
4840,-0.617947
4841,-1.081377
4842,-0.488582
4843,-0.418025
4844,0.234372
4845,0.139527
4846,-0.666752
4847,1.304184
4848,1.003179
4849,1.335097
4850,-0.585879
4851,0.283685
4852,-2.049256
4853,-0.971912
4854,-0.802738
4855,1.382439
4856,-0.283805
4857,-1.487955
4858,-1.448033
4859,-1.079159
4860,0.469687
4861,-0.935709
4862,0.199242
4863,-1.424334
4864,-1.413527
4865,-0.989188
4866,-1.499016
4867,-0.680824
4868,0.584796
4869,0.632400
4870,-0.886579
4871,-0.071690
4872,-0.841535
4873,-0.369716
4874,-0.289399
4875,-0.798936
4876,-0.777797
4877,0.841086
4878,1.586481
4879,-0.450513
4880,0.247493
4881,-0.394596
4882,-0.635348
4883,0.036394
4884,-0.653894
4885,0.443696
4886,-0.067962
4887,-0.690120
4888,0.675685
4889,-0.676201
4890,-1.943592
4891,0.132850
4892,1.319082
4893,1.447263
4894,-2.650220
4895,-1.226274
4896,-1.360512
4897,0.256627
4898,-0.298005
4899,-0.038740
4900,0.905286
4901,-1.110196
4902,0.517926
4903,-0.199225
4904,-0.589173
4905,-0.980451
4906,0.202411
4907,-0.713610
4908,-0.217657
4909,-0.231251
4910,0.664784
4911,1.067120
4912,0.298414
4913,-1.435699
4914,-0.326667
4915,0.078595
4916,1.515499
4917,1.515654
4918,-0.606862
4919,1.110691
4920,-1.881895
4921,0.283606
4922,-1.169873
4923,-0.063269
4924,0.425799
4925,0.567627
4926,-0.049015
4927,-0.899553
4928,-0.582494
4929,-2.157624
4930,-2.576890
4931,-0.640067
4932,-0.091098
4933,1.345029
4934,0.783210
4935,0.774774
4936,-1.583463
4937,0.570893
4938,1.136431
4939,0.359581
4940,1.182922
4941,0.771189
4942,0.711052
4943,0.072113
4944,-2.287321
4945,1.622594
4946,0.420728
4947,0.184645
4948,-0.884753
4949,-0.481479
4950,-0.659097
4951,-0.941063
4952,0.139421
4953,0.456185
4954,-0.958169
4955,0.819095
4956,-0.368796
4957,0.504418
4958,0.385803
4959,-0.809341
4960,0.280380
4961,-0.654845
4962,0.966956
4963,-0.514692
4964,-0.260861
4965,-1.104704
4966,-0.692392
4967,0.595324
4968,0.503716
4969,0.730414
4970,0.833942
4971,0.427111
4972,-2.207988
4973,-1.181798
4974,-1.680129
4975,0.102775
4976,0.330986
4977,0.976083
4978,1.377305
4979,0.532279
4980,0.012945
4981,-0.279858
4982,-0.076295
4983,0.139265
4984,-0.535303
4985,-0.759967
4986,0.449474
4987,-0.576947
4988,-0.643774
4989,0.075492
4990,-0.198610
4991,1.260516
4992,1.190666
4993,1.177065
4994,0.451804
4995,-1.155633
4996,-0.736907
4997,-0.618756
4998,1.933884
4999,-0.351232
5000,-1.101452
5001,-1.228365
5002,-0.377378
5003,-0.436480
5004,-0.431818
5005,-0.387390
5006,0.960762
5007,0.159500
5008,-0.961927
5009,0.056775
5010,-2.130084
5011,0.322172
5012,1.184308
5013,-0.848951
5014,-1.101221
5015,-0.448204
5016,-0.384958
5017,0.489958
5018,-0.421611
5019,-0.031161
5020,-0.975012
5021,0.180464
5022,-0.038943
5023,1.212776
5024,-0.392342
5025,-0.677935
5026,-0.104964
5027,-0.035481
5028,-0.071245
5029,1.413982
5030,0.556446
5031,0.670526
5032,0.648439
5033,0.607265
5034,1.527115
5035,0.433487
5036,-1.759082
5037,1.466603
5038,-0.332426
5039,0.578433
5040,0.543777
5041,-0.941608
5042,-0.212528
5043,1.500017
5044,-0.464032
5045,-1.051266
5046,0.386614
5047,0.388259
5048,1.293194
5049,-1.037897
5050,-1.015072
5051,0.855003
5052,1.109785
5053,0.936131
5054,0.826243
5055,-0.575396
5056,-0.243538
5057,0.686197
5058,2.336228
5059,0.635664
5060,0.325178
5061,0.000572
5062,-1.683034
5063,0.277963
5064,0.591405
5065,-0.225191
5066,-0.090687
5067,-0.781367
5068,0.758262
5069,0.342003
5070,1.064294
5071,1.763678
5072,1.217892
5073,-1.802725
5074,-0.327224
5075,-1.822218
5076,0.902603
5077,0.247560
5078,-2.168814
5079,0.139067
5080,1.113705
5081,0.207307
5082,0.936437
5083,0.976170
5084,0.112127
5085,-1.471582
5086,-0.101163
5087,0.679921
5088,-0.328821
5089,0.886824
5090,-0.468461
5091,1.443574
5092,2.666182
5093,-1.999428
5094,-0.678789
5095,0.324816
5096,0.571124
5097,-0.578048
5098,-0.061413
5099,1.905999
5100,0.249705
5101,1.040326
5102,-2.082473
5103,-0.428986
5104,-0.163768
5105,0.729513
5106,0.062271
5107,-1.415355
5108,-0.029199
5109,-0.041688
5110,-0.807809
5111,-0.553498
5112,0.153003
5113,-1.769296
5114,1.343665
5115,-0.233814
5116,-0.650138
5117,0.911194
5118,-0.039176
5119,0.701167
5120,1.377395
5121,0.139959
5122,-0.191436
5123,-0.223383
5124,-1.988924
5125,-1.369035
5126,0.293571
5127,-0.092001
5128,0.521239
5129,-0.625619
5130,-1.028227
5131,-0.179339
5132,0.238731
5133,0.704747
5134,-0.205355
5135,0.106979
5136,0.345106
5137,1.981526
5138,0.944105
5139,-1.542593
5140,0.118368
5141,0.707416
5142,-0.360820
5143,-0.267639
5144,-0.733743
5145,0.000820
5146,-0.728732
5147,-0.168230
5148,1.004668
5149,0.814899
5150,0.046146
5151,0.672651
5152,-1.515991
5153,-0.632437
5154,-0.029110
5155,1.192436
5156,1.249686
5157,0.312991
5158,-0.610772
5159,-0.634229
5160,0.097687
5161,1.182443
5162,0.659325
5163,0.768518
5164,0.748581
5165,1.139545
5166,0.478847
5167,0.788274
5168,0.183088
5169,0.882092
5170,0.659460
5171,1.955006
5172,-0.702492
5173,0.723307
5174,1.215135
5175,-1.928140
5176,-0.126032
5177,0.397870
5178,-1.168266
5179,-0.914425
5180,-0.186481
5181,-0.420230
5182,0.770325
5183,-1.081975
5184,0.660252
5185,-0.770805
5186,-0.092539
5187,0.561012
5188,1.191243
5189,0.382646
5190,0.456833
5191,1.171013
5192,0.695589
5193,-0.794188
5194,1.144155
5195,0.426502
5196,-0.620896
5197,-0.639179
5198,0.749704
5199,-0.202988
5200,-1.662522
5201,-0.576791
5202,-0.301117
5203,-2.030546
5204,-0.871747
5205,-0.237426
5206,2.047754
5207,1.117768
5208,0.340248
5209,-0.792967
5210,0.266372
5211,0.772778
5212,-0.348190
5213,-0.916753
5214,0.698119
5215,0.857887
5216,-0.704756
5217,0.434586
5218,0.558923
5219,-0.296042
5220,2.078374
5221,0.695446
5222,-0.153272
5223,1.212070
5224,0.215793
5225,1.074003
5226,-0.556520
5227,-0.984619
5228,0.614567
5229,1.447012
5230,0.436443
5231,1.211145
5232,1.016335
5233,-0.381548
5234,-0.584153
5235,0.019826
5236,-0.267253
5237,-0.384427
5238,-1.633001
5239,1.175679
5240,-1.223619
5241,0.909399
5242,-0.957368
5243,0.028403
5244,1.219975
5245,0.121314
5246,1.099842
5247,-0.766325
5248,-0.473973
5249,-0.403170
5250,-0.768285
5251,-0.869103
5252,-2.040775
5253,-1.970304
5254,-1.000817
5255,-0.581812
5256,1.807290
5257,-0.191960
5258,-0.009052
5259,-0.288553
5260,0.489833
5261,0.807490
5262,-0.044355
5263,-0.798500
5264,-0.750851
5265,1.260656
5266,2.095770
5267,1.776238
5268,-0.312078
5269,-1.282416
5270,-0.311652
5271,-0.783678
5272,0.787081
5273,-0.175384
5274,-0.988974
5275,0.000228
5276,-0.817942
5277,-1.762950
5278,-0.806554
5279,0.731426
5280,-0.178805
5281,-0.886819
5282,0.294310
5283,-0.176060
5284,-0.540600
5285,-0.124938
5286,0.778532
5287,-0.367950
5288,-1.220677
5289,-0.183257
5290,0.205008
5291,-0.902103
5292,0.024772
5293,1.197871
5294,0.344186
5295,0.909339
5296,0.517212
5297,0.023144
5298,1.039527
5299,-0.155127
5300,0.607877
5301,-1.181419
5302,-3.093266
5303,-0.333533
5304,-1.194023
5305,1.327796
5306,-0.474033
5307,0.273112
5308,0.309479
5309,1.961854
5310,-0.033065
5311,0.812681
5312,-0.067976
5313,2.085094
5314,3.490357
5315,0.975299
5316,-1.479700
5317,-0.527474
5318,-0.518758
5319,-0.287411
5320,0.673778
5321,-1.825105
5322,-0.020366
5323,-0.088403
5324,-0.319881
5325,-1.108783
5326,-0.381946
5327,-0.082801
5328,0.515994
5329,0.479948
5330,-0.246471
5331,0.150258
5332,-0.152565
5333,-0.298452
5334,-0.003097
5335,0.905982
5336,-0.977411
5337,-0.184589
5338,1.120764
5339,0.770741
5340,0.470497
5341,-0.329400
5342,-1.055596
5343,-1.065671
5344,0.482855
5345,1.174362
5346,1.511361
5347,-0.093893
5348,0.606314
5349,0.258584
5350,1.864719
5351,1.246974
5352,0.471659
5353,1.110013
5354,-0.185929
5355,-1.662854
5356,0.050730
5357,1.850201
5358,1.668697
5359,-0.121266
5360,1.562090
5361,1.233840
5362,0.560584
5363,-0.205737
5364,0.853327
5365,0.729593
5366,1.389745
5367,1.058877
5368,0.113837
5369,0.964394
5370,0.312490
5371,-0.043984
5372,-0.184657
5373,-0.126338
5374,1.291819
5375,1.761857
5376,1.061411
5377,1.062353
5378,-0.593593
5379,0.763266
5380,-1.514730
5381,0.799444
5382,1.024985
5383,1.779905
5384,2.122113
5385,0.074514
5386,1.664384
5387,2.096411
5388,1.045652
5389,0.002294
5390,1.234932
5391,-1.055836
5392,-0.048022
5393,-0.623922
5394,-1.296033
5395,-0.344972
5396,0.465631
5397,-1.489006
5398,0.751027
5399,1.449416
5400,-0.266373
5401,-1.181765
5402,0.464376
5403,-0.132683
5404,0.884725
5405,-0.871293
5406,0.485260
5407,1.287787
5408,1.304671
5409,-0.176726
5410,1.706638
5411,0.188980
5412,0.581521
5413,1.253920
5414,-0.238956
5415,0.299483
5416,1.456968
5417,0.027936
5418,0.340443
5419,0.890244
5420,1.976024
5421,-0.848829
5422,-1.641016
5423,-0.992692
5424,-1.227304
5425,-1.363873
5426,-0.225252
5427,-0.409410
5428,-1.416325
5429,-0.227137
5430,-0.412343
5431,-0.612939
5432,0.871260
5433,0.513353
5434,1.908813
5435,0.015388
5436,-0.044372
5437,-0.294040
5438,-0.298877
5439,-1.378572
5440,-0.100990
5441,0.193175
5442,1.187052
5443,1.263160
5444,1.323405
5445,-0.696560
5446,0.129377
5447,0.326691
5448,0.972552
5449,-0.827099
5450,-0.751568
5451,0.208858
5452,-1.654850
5453,-2.484818
5454,0.424970
5455,0.033044
5456,-0.717446
5457,-0.475448
5458,-1.402270
5459,-1.037874
5460,-0.966193
5461,-1.258759
5462,-0.945110
5463,2.600944
5464,1.504711
5465,-0.339033
5466,1.531401
5467,0.096605
5468,-1.881887
5469,0.165712
5470,-0.114912
5471,0.273786
5472,-1.866923
5473,-0.169719
5474,0.949839
5475,-0.262208
5476,0.236347
5477,-0.146219
5478,0.950003
5479,1.420985
5480,0.430400
5481,-0.695658
5482,-1.020942
5483,-1.382690
5484,0.048045
5485,0.794722
5486,1.385682
5487,-0.147982
5488,-1.979751
5489,-1.542474
5490,-2.402865
5491,-0.454934
5492,-2.217296
5493,-0.075848
5494,0.444835
5495,-0.748259
5496,0.413528
5497,-0.113294
5498,-0.312361
5499,1.927809
5500,0.424815
5501,-0.247364
5502,1.537927
5503,-0.699378
5504,-1.122098
5505,-1.029021
5506,-0.311460
5507,-0.901684
5508,-0.382633
5509,-1.340785
5510,-1.761664
5511,-0.714415
5512,-0.417676
5513,1.510735
5514,-1.212933
5515,0.182443
5516,0.165577
5517,-0.508272
5518,-0.498587
5519,0.814398
5520,-2.726773
5521,-0.718011
5522,0.155198
5523,0.882367
5524,1.262977
5525,-0.426438
5526,-1.753475
5527,0.697340
5528,0.666497
5529,0.896691
5530,0.944395
5531,-1.344292
5532,-0.169397
5533,0.404130
5534,-1.159287
5535,0.352102
5536,0.414717
5537,-0.941492
5538,0.144925
5539,1.482087
5540,-0.568047
5541,-1.579221
5542,-0.762649
5543,-1.828628
5544,1.038235
5545,0.475169
5546,-0.568483
5547,-0.089442
5548,-0.383205
5549,-0.827958
5550,-2.413294
5551,-2.141473
5552,-0.372081
5553,0.553077
5554,1.896640
5555,0.296139
5556,0.490037
5557,0.440262
5558,0.954972
5559,-0.913937
5560,-0.402390
5561,0.101934
5562,-0.186353
5563,-1.145465
5564,-1.020140
5565,-0.053815
5566,-0.641549
5567,0.616355
5568,-0.015544
5569,-0.525208
5570,-0.517265
5571,0.894945
5572,-0.066619
5573,0.271253
5574,-0.128884
5575,-1.333434
5576,-1.503987
5577,-2.105367
5578,-0.807724
5579,-0.516605
5580,-1.506044
5581,-2.234951
5582,-0.665563
5583,-0.508604
5584,0.067779
5585,-3.135727
5586,0.529215
5587,-1.133416
5588,1.083834
5589,-0.365795
5590,-0.529314
5591,0.847459
5592,0.337269
5593,1.763896
5594,1.960017
5595,-1.581197
5596,0.036002
5597,-0.349443
5598,0.480211
5599,-1.948010
5600,-0.952895
5601,0.150751
5602,0.043188
5603,0.086062
5604,-1.261394
5605,-0.939981
5606,0.280093
5607,0.491758
5608,1.172249
5609,0.692148
5610,0.919423
5611,0.644437
5612,0.281461
5613,-0.456108
5614,-0.386723
5615,-1.801323
5616,-1.729035
5617,0.121828
5618,-0.285171
5619,0.286501
5620,-0.418920
5621,-0.510450
5622,0.808877
5623,0.860108
5624,0.028347
5625,-2.294270
5626,0.167872
5627,-0.188293
5628,-0.123412
5629,0.715583
5630,0.007332
5631,0.551429
5632,-0.583463
5633,1.610082
5634,1.690192
5635,1.499193
5636,0.448011
5637,0.128285
5638,1.063550
5639,0.509427
5640,-0.090180
5641,-0.153997
5642,-0.042397
5643,-1.140510
5644,-0.792953
5645,-0.935769
5646,0.194164
5647,-0.011690
5648,-0.189327
5649,1.436985
5650,0.401992
5651,-1.256105
5652,-0.564855
5653,1.055197
5654,-0.323915
5655,-0.766406
5656,-0.197644
5657,-0.647413
5658,0.018627
5659,0.306819
5660,1.065172
5661,1.625189
5662,1.536646
5663,-1.440778
5664,-0.306964
5665,-0.763435
5666,-0.668219
5667,-2.543937
5668,0.399707
5669,-1.085410
5670,-1.339930
5671,0.067029
5672,-0.017445
5673,1.087954
5674,-0.052101
5675,0.262638
5676,0.018249
5677,-1.284839
5678,-2.203975
5679,0.159577
5680,-0.004124
5681,1.765914
5682,-1.513045
5683,-0.297676
5684,-0.961053
5685,-1.074762
5686,-2.997788
5687,-0.349668
5688,1.062990
5689,-0.668281
5690,0.168345
5691,-0.474067
5692,1.993293
5693,0.886063
5694,0.456657
5695,0.622115
5696,-0.725709
5697,-0.177190
5698,-1.713434
5699,-1.243816
5700,-0.731369
5701,0.565230
5702,1.272119
5703,-1.217077
5704,-0.993983
5705,-1.892435
5706,0.301909
5707,-0.261227
5708,-0.350292
5709,1.310989
5710,-0.103070
5711,-0.286820
5712,-0.104713
5713,1.637624
5714,-1.058708
5715,0.423615
5716,1.762374
5717,1.363413
5718,1.274167
5719,0.722832
5720,2.151512
5721,0.385865
5722,1.419933
5723,0.986718
5724,1.414697
5725,1.084549
5726,-1.458688
5727,-1.433895
5728,-1.108696
5729,-1.288798
5730,0.090966
5731,0.242467
5732,2.410582
5733,-1.031828
5734,-0.218835
5735,1.390831
5736,0.214950
5737,-0.475261
5738,-0.231913
5739,-1.837199
5740,-0.615580
5741,1.302467
5742,-0.528563
5743,0.535695
5744,1.027313
5745,-0.848263
5746,0.666318
5747,0.256714
5748,1.365053
5749,-0.888093
5750,-0.452203
5751,-0.204670
5752,0.726042
5753,0.679032
5754,-0.078760
5755,-0.432529
5756,-0.232348
5757,-0.160852
5758,-1.160396
5759,2.212105
5760,-1.007193
5761,-1.695455
5762,0.157106
5763,-1.136743
5764,-1.165338
5765,0.446030
5766,-0.015340
5767,0.879036
5768,0.889367
5769,0.633669
5770,0.823219
5771,1.719412
5772,-0.585640
5773,-0.505632
5774,0.879617
5775,-0.179459
5776,-0.303557
5777,0.191787
5778,0.018637
5779,-0.169276
5780,-1.094512
5781,1.004048
5782,-1.370973
5783,0.805136
5784,0.602896
5785,1.053848
5786,0.831322
5787,-1.896821
5788,-0.338350
5789,1.132486
5790,-0.149188
5791,-2.360139
5792,-0.534475
5793,-0.114951
5794,-1.164380
5795,0.485865
5796,0.057397
5797,-0.104945
5798,-0.355333
5799,-0.807972
5800,0.625291
5801,1.773554
5802,1.022674
5803,1.260927
5804,0.051813
5805,0.090628
5806,0.193889
5807,0.454624
5808,1.028186
5809,0.271957
5810,-0.806966
5811,-0.956457
5812,0.744980
5813,0.435022
5814,0.601525
5815,-0.664981
5816,-0.420467
5817,-0.125013
5818,-1.730271
5819,-0.041083
5820,0.778869
5821,0.795105
5822,0.716304
5823,-0.201278
5824,-0.809808
5825,-1.906902
5826,-1.514923
5827,-0.512802
5828,-1.677736
5829,0.797982
5830,-0.957468
5831,0.591133
5832,0.405493
5833,-1.396758
5834,-0.120454
5835,0.717054
5836,2.015411
5837,-0.926270
5838,2.179022
5839,0.424856
5840,-1.107073
5841,0.758086
5842,0.408391
5843,1.138309
5844,0.718363
5845,-1.413036
5846,0.575372
5847,1.855089
5848,0.142970
5849,0.212789
5850,-1.006905
5851,-0.930599
5852,1.756568
5853,-0.209470
5854,-0.065650
5855,-0.479235
5856,-1.760931
5857,-1.176205
5858,-0.259137
5859,-2.282001
5860,-1.161205
5861,-2.096147
5862,0.828756
5863,-0.853386
5864,-0.103149
5865,0.551555
5866,1.066889
5867,1.143074
5868,-0.019121
5869,1.740566
5870,1.179396
5871,1.697379
5872,0.773169
5873,2.157072
5874,1.286139
5875,-1.061161
5876,-0.533707
5877,0.834355
5878,1.743074
5879,-1.273592
5880,-0.881276
5881,-1.210460
5882,-0.580704
5883,0.053256
5884,0.947945
5885,-0.438477
5886,-0.980086
5887,-0.295221
5888,-0.174945
5889,-1.376901
5890,-1.456379
5891,-1.332837
5892,0.504714
5893,-0.001875
5894,0.760552
5895,0.713025
5896,-0.025704
5897,-0.232344
5898,0.373165
5899,0.497451
5900,-0.583656
5901,-0.356885
5902,1.072622
5903,-1.953619
5904,-0.067214
5905,-0.011375
5906,1.183412
5907,-1.830779
5908,-0.337523
5909,0.458202
5910,-1.544681
5911,-0.372618
5912,-1.834685
5913,-1.938935
5914,0.432972
5915,-0.321271
5916,-0.069416
5917,0.226966
5918,-0.062850
5919,0.387510
5920,0.650594
5921,0.636896
5922,-1.062091
5923,-0.601457
5924,-0.471544
5925,2.900252
5926,-0.751504
5927,0.434963
5928,-0.539196
5929,-0.507662
5930,-1.367871
5931,-1.114333
5932,-1.263105
5933,-0.794806
5934,0.031308
5935,-0.065448
5936,-0.103183
5937,-0.556292
5938,-1.816831
5939,-0.689783
5940,-4.216475
5941,0.082416
5942,0.123564
5943,-0.110505
5944,1.245631
5945,-0.635851
5946,0.315577
5947,-1.267846
5948,-0.312929
5949,0.096908
5950,-1.731316
5951,-1.256835
5952,-0.639235
5953,0.169122
5954,0.202142
5955,-0.426673
5956,1.220681
5957,0.524562
5958,-0.254769
5959,0.711060
5960,1.155337
5961,1.177398
5962,-0.160538
5963,-3.586599
5964,-0.155894
5965,-1.549274
5966,0.132125
5967,1.737230
5968,0.107068
5969,0.002156
5970,1.196059
5971,-1.446847
5972,-1.203600
5973,2.053822
5974,0.991237
5975,0.183655
5976,-0.708264
5977,-0.033212
5978,1.613278
5979,0.124050
5980,0.151955
5981,0.307523
5982,-0.005482
5983,-0.608234
5984,1.359659
5985,1.654069
5986,-0.117350
5987,-0.393426
5988,1.124005
5989,0.464883
5990,-1.115153
5991,-2.749148
5992,0.008932
5993,1.172763
5994,-1.397608
5995,0.517307
5996,1.088633
5997,-1.082464
5998,-0.274101
5999,1.111180
6000,-0.251546
6001,-0.590673
6002,-0.866686
6003,0.407674
6004,0.868595
6005,0.150381
6006,1.597678
6007,0.875923
6008,1.232028
6009,0.720310
6010,-0.605595
6011,-1.196298
6012,-0.340389
6013,-0.009408
6014,0.284950
6015,0.092876
6016,-1.173990
6017,0.245833
6018,0.270435
6019,0.354277
6020,-0.501018
6021,0.422962
6022,-0.388610
6023,-2.171763
6024,-0.551144
6025,-0.628678
6026,0.933577
6027,0.505338
6028,0.347684
6029,0.942182
6030,0.797109
6031,-0.391984
6032,-0.196414
6033,1.862734
6034,0.181030
6035,0.313993
6036,-0.834466
6037,-0.570353
6038,-0.452464
6039,1.581318
6040,0.432623
6041,2.395575
6042,1.996390
6043,-0.889216
6044,-1.223291
6045,0.066188
6046,-0.512790
6047,2.818865
6048,0.096252
6049,0.992301
6050,1.064597
6051,0.581408
6052,0.516077
6053,0.827940
6054,-0.299224
6055,1.138488
6056,0.097559
6057,-0.482815
6058,-0.688524
6059,0.407435
6060,-0.279112
6061,0.154154
6062,-0.141967
6063,-1.066244
6064,-1.238535
6065,-0.713164
6066,-1.762070
6067,-1.382797
6068,3.194884
6069,0.440659
6070,-0.285406
6071,-0.594576
6072,-0.027438
6073,0.048886
6074,-1.043913
6075,0.711693
6076,0.075031
6077,-0.170799
6078,0.178921
6079,-0.293691
6080,-0.641966
6081,0.903102
6082,0.099443
6083,0.224132
6084,-1.951213
6085,-0.987173
6086,0.782369
6087,0.000764
6088,0.713127
6089,-0.220148
6090,0.031007
6091,-0.258649
6092,-1.201466
6093,0.834323
6094,0.740321
6095,0.573736
6096,0.450800
6097,-0.585841
6098,-0.996269
6099,-0.910215
6100,-0.559375
6101,1.755766
6102,-0.109079
6103,0.809540
6104,0.297371
6105,0.726040
6106,0.748396
6107,1.374349
6108,1.057498
6109,1.025599
6110,0.128636
6111,0.330907
6112,0.379564
6113,0.306788
6114,-0.649264
6115,0.415434
6116,-1.446743
6117,-0.394959
6118,0.205951
6119,-0.281017
6120,-1.368152
6121,0.335430
6122,-1.006074
6123,0.490645
6124,-0.299380
6125,-1.419272
6126,-1.960527
6127,1.226788
6128,0.860004
6129,-0.493310
6130,1.465015
6131,0.633227
6132,-0.782490
6133,-0.997318
6134,0.650443
6135,-1.268649
6136,0.063927
6137,0.809262
6138,1.374217
6139,1.250739
6140,1.077977
6141,1.671311
6142,0.342327
6143,0.230238
6144,-1.555727
6145,-0.724298
6146,0.208495
6147,1.787903
6148,0.225314
6149,-2.616780
6150,0.537642
6151,-2.485957
6152,-0.691990
6153,-0.514469
6154,1.232219
6155,-1.027230
6156,-0.468005
6157,0.507936
6158,0.634265
6159,1.415136
6160,-0.075810
6161,0.706501
6162,-1.185039
6163,0.488471
6164,1.345522
6165,-0.721069
6166,0.796603
6167,-1.798660
6168,-0.802070
6169,2.130317
6170,-1.543397
6171,0.322413
6172,-0.973050
6173,-1.359693
6174,-0.709548
6175,-0.207944
6176,1.611396
6177,1.057367
6178,0.851048
6179,1.609183
6180,-1.006074
6181,-0.133364
6182,0.128606
6183,-0.363877
6184,-0.029204
6185,0.405284
6186,-0.040845
6187,-0.587514
6188,0.082339
6189,0.402064
6190,-1.330313
6191,0.651908
6192,1.737637
6193,0.994825
6194,-0.317103
6195,-0.575225
6196,-0.073930
6197,-0.879485
6198,-0.755815
6199,-0.012099
6200,-0.502878
6201,0.866387
6202,1.084527
6203,1.223602
6204,-0.076293
6205,0.265265
6206,-1.458963
6207,-0.427428
6208,-1.231238
6209,-0.420406
6210,1.126307
6211,1.109368
6212,-0.432715
6213,-0.876137
6214,0.075233
6215,-0.898815
6216,0.154192
6217,0.586019
6218,1.878748
6219,2.026167
6220,0.387253
6221,1.089108
6222,-0.375948
6223,1.066541
6224,0.148576
6225,-1.607525
6226,-2.142536
6227,0.083336
6228,0.261753
6229,0.997044
6230,1.298197
6231,0.506016
6232,0.350844
6233,1.713086
6234,-0.029906
6235,0.124392
6236,0.820310
6237,0.713189
6238,0.386252
6239,-0.930528
6240,-1.623954
6241,0.870255
6242,0.287807
6243,-1.058693
6244,0.492261
6245,-0.436683
6246,0.953323
6247,-0.309727
6248,-0.079180
6249,0.245400
6250,0.247383
6251,0.115113
6252,-1.811239
6253,1.087277
6254,1.528393
6255,-0.240869
6256,-1.049515
6257,-1.999760
6258,-0.164319
6259,0.418547
6260,1.999547
6261,0.988627
6262,0.862803
6263,1.279936
6264,-0.029342
6265,0.423926
6266,-0.014116
6267,-0.206295
6268,0.152194
6269,0.077729
6270,0.207520
6271,0.191612
6272,-0.095585
6273,1.040997
6274,0.164731
6275,0.338299
6276,1.201862
6277,1.501973
6278,-0.731667
6279,0.664135
6280,-0.164216
6281,0.283846
6282,2.103876
6283,1.096476
6284,-0.178208
6285,-0.104667
6286,0.340387
6287,-0.060767
6288,-1.493791
6289,0.905011
6290,0.172158
6291,1.306904
6292,0.452684
6293,-0.671298
6294,2.060725
6295,1.955501
6296,0.511831
6297,-0.943489
6298,1.735478
6299,0.603717
6300,-1.244888
6301,-0.346342
6302,-1.169967
6303,-1.011901
6304,-0.182762
6305,-1.222334
6306,-0.229317
6307,-1.112115
6308,1.490104
6309,0.776619
6310,1.124584
6311,0.428807
6312,0.198260
6313,-0.850988
6314,0.093582
6315,0.188112
6316,0.207380
6317,1.551693
6318,-0.071380
6319,1.257105
6320,1.812322
6321,-0.939703
6322,-0.775185
6323,-0.626187
6324,-1.190365
6325,-0.854460
6326,1.984998
6327,0.457142
6328,-1.088108
6329,-1.425718
6330,-0.276625
6331,-1.226895
6332,-1.204598
6333,0.143519
6334,-1.084660
6335,-1.188895
6336,-0.891779
6337,0.986373
6338,1.109690
6339,0.423696
6340,0.202108
6341,-1.508345
6342,-1.436922
6343,0.640578
6344,1.442395
6345,1.352525
6346,-0.433918
6347,-0.926501
6348,-0.071453
6349,-1.868711
6350,2.006734
6351,0.028613
6352,-1.623048
6353,-0.781544
6354,-0.717034
6355,-1.710704
6356,0.129607
6357,-0.055117
6358,0.330845
6359,-0.237348
6360,-0.278666
6361,0.549649
6362,-0.771189
6363,0.763817
6364,-1.062323
6365,-0.045532
6366,0.525536
6367,-0.264902
6368,0.748386
6369,0.366152
6370,-0.447441
6371,1.229523
6372,1.410617
6373,-0.724148
6374,0.946844
6375,1.861430
6376,0.353487
6377,-0.770013
6378,0.047889
6379,1.300830
6380,-2.388133
6381,-0.736716
6382,-0.527065
6383,-1.613989
6384,1.401066
6385,-0.990845
6386,-0.725647
6387,0.545894
6388,-1.307273
6389,-0.811989
6390,-0.133398
